10 4 185
1 -22.095 55.78 16.0 14.0 116.0 220.0
2 -6.5 71.436 9.0 14.0 195.0 300.0
3 -20.361 18.878 3.0 25.0 296.0 469.0
4 0.446 -46.735 25.0 22.0 199.0 335.0
5 -16.516 68.085 10.0 5.0 203.0 355.0
6 -0.323 68.237 6.0 17.0 126.0 229.0
7 -3.418 89.594 20.0 3.0 115.0 288.0
8 -11.224 -31.83 20.0 9.0 225.0 389.0
9 48.334 93.518 14.0 11.0 229.0 362.0
10 7.428 -2.57 15.0 17.0 223.0 358.0
11 -23.138 48.45 0.0 0.0 0.0 1000.0
12 0.244 -35.892 0.0 0.0 0.0 1000.0
13 -26.102 16.809 0.0 0.0 0.0 1000.0
14 -0.14 7.266 0.0 0.0 0.0 1000.0
