10 4 185
1 -18.738 45.227 8.0 14.0 261.0 387.0
2 15.155 6.299 23.0 5.0 317.0 429.0
3 15.027 -34.979 15.0 7.0 115.0 227.0
4 48.224 0.085 19.0 11.0 469.0 624.0
5 45.038 -61.316 13.0 1.0 285.0 381.0
6 5.31 49.219 12.0 17.0 407.0 513.0
7 -75.812 4.01 18.0 24.0 179.0 290.0
8 37.946 73.914 15.0 20.0 310.0 468.0
9 19.867 38.824 6.0 18.0 107.0 258.0
10 -32.629 -82.581 11.0 15.0 427.0 580.0
11 -23.138 48.45 0.0 0.0 0.0 1000.0
12 -0.14 7.266 0.0 0.0 0.0 1000.0
13 -26.102 16.809 0.0 0.0 0.0 1000.0
14 0.244 -35.892 0.0 0.0 0.0 1000.0
