10 4 185
1 -48.157 6.287 22.0 9.0 239.0 354.0
2 -40.997 26.703 6.0 5.0 302.0 399.0
3 9.003 -18.695 2.0 15.0 156.0 270.0
4 36.096 64.935 16.0 11.0 126.0 266.0
5 -44.629 -55.64 6.0 11.0 206.0 382.0
6 -16.779 43.439 25.0 25.0 359.0 525.0
7 17.975 -0.409 11.0 12.0 166.0 308.0
8 -34.454 42.346 25.0 8.0 72.0 188.0
9 22.577 0.836 17.0 19.0 469.0 628.0
10 76.88 -29.901 6.0 2.0 100.0 241.0
11 0.244 -35.892 0.0 0.0 0.0 1000.0
12 -0.14 7.266 0.0 0.0 0.0 1000.0
13 -26.102 16.809 0.0 0.0 0.0 1000.0
14 -23.138 48.45 0.0 0.0 0.0 1000.0
