10 4 185
1 -35.48 19.135 13.0 2.0 191.0 343.0
2 7.489 -57.239 21.0 7.0 106.0 249.0
3 18.5 -51.154 5.0 2.0 184.0 306.0
4 5.481 -31.5 23.0 6.0 132.0 267.0
5 9.003 -18.695 2.0 15.0 156.0 270.0
6 8.356 67.041 14.0 7.0 281.0 381.0
7 12.14 30.042 23.0 19.0 180.0 288.0
8 34.454 -8.289 7.0 22.0 440.0 549.0
9 20.941 -5.646 18.0 22.0 448.0 562.0
10 6.683 -27.069 4.0 4.0 122.0 249.0
11 -26.102 16.809 0.0 0.0 0.0 1000.0
12 0.244 -35.892 0.0 0.0 0.0 1000.0
13 -0.14 7.266 0.0 0.0 0.0 1000.0
14 -23.138 48.45 0.0 0.0 0.0 1000.0
