10 4 185
1 52.057 30.334 23.0 5.0 323.0 457.0
2 4.614 27.051 12.0 10.0 151.0 288.0
3 12.079 -42.346 19.0 7.0 454.0 574.0
4 -48.12 94.116 15.0 6.0 225.0 327.0
5 -1.477 47.205 4.0 1.0 301.0 437.0
6 -3.418 89.594 20.0 3.0 115.0 288.0
7 -47.339 20.911 25.0 19.0 153.0 296.0
8 -16.064 8.557 11.0 4.0 171.0 304.0
9 -26.166 -48.999 22.0 24.0 68.0 196.0
10 -32.629 -82.581 11.0 15.0 427.0 580.0
11 -26.102 16.809 0.0 0.0 0.0 1000.0
12 -0.14 7.266 0.0 0.0 0.0 1000.0
13 -23.138 48.45 0.0 0.0 0.0 1000.0
14 0.244 -35.892 0.0 0.0 0.0 1000.0
