10 6 180
1 54.041 -5.292 3.0 15.0 444.0 570.0
2 49.78 6.866 23.0 11.0 338.0 504.0
3 -24.628 -68.701 6.0 8.0 95.0 251.0
4 -46.924 -49.261 14.0 17.0 449.0 608.0
5 47.015 9.338 5.0 18.0 60.0 187.0
6 71.869 29.034 22.0 25.0 252.0 361.0
7 4.865 -69.586 12.0 23.0 362.0 464.0
8 -65.137 -43.079 11.0 23.0 258.0 401.0
9 1.251 -26.55 15.0 9.0 301.0 421.0
10 -3.094 21.582 5.0 11.0 466.0 623.0
11 38.791 22.443 0.0 0.0 0.0 1000.0
12 -29.523 -4.843 0.0 0.0 0.0 1000.0
13 21.133 14.142 0.0 0.0 0.0 1000.0
14 -15.067 -23.95 0.0 0.0 0.0 1000.0
15 49.725 11.99 0.0 0.0 0.0 1000.0
16 -41.833 -35.361 0.0 0.0 0.0 1000.0
