10 6 180
1 48.633 3.021 1.0 3.0 261.0 376.0
2 -61.957 -33.038 7.0 9.0 132.0 307.0
3 46.747 6.696 13.0 12.0 160.0 336.0
4 47.321 24.414 3.0 16.0 427.0 561.0
5 -54.675 -18.439 6.0 22.0 382.0 476.0
6 45.447 -21.069 14.0 8.0 112.0 251.0
7 34.521 32.837 3.0 13.0 199.0 322.0
8 -29.81 -12.408 18.0 12.0 391.0 503.0
9 -36.89 18.372 2.0 3.0 202.0 324.0
10 -38.226 -9.448 3.0 2.0 66.0 163.0
11 -15.067 -23.95 0.0 0.0 0.0 1000.0
12 -41.833 -35.361 0.0 0.0 0.0 1000.0
13 49.725 11.99 0.0 0.0 0.0 1000.0
14 38.791 22.443 0.0 0.0 0.0 1000.0
15 -29.523 -4.843 0.0 0.0 0.0 1000.0
16 21.133 14.142 0.0 0.0 0.0 1000.0
