10 6 180
1 -36.725 25.494 16.0 5.0 439.0 542.0
2 57.501 16.327 17.0 10.0 225.0 389.0
3 2.826 50.824 12.0 11.0 168.0 319.0
4 -18.768 -23.663 24.0 16.0 215.0 326.0
5 -40.308 -7.452 6.0 11.0 191.0 349.0
6 48.242 47.284 6.0 17.0 370.0 538.0
7 73.26 10.669 4.0 25.0 93.0 202.0
8 -63.086 -60.114 10.0 19.0 112.0 218.0
9 34.521 32.837 3.0 13.0 199.0 322.0
10 18.738 21.399 4.0 5.0 242.0 384.0
11 -41.833 -35.361 0.0 0.0 0.0 1000.0
12 38.791 22.443 0.0 0.0 0.0 1000.0
13 -15.067 -23.95 0.0 0.0 0.0 1000.0
14 -29.523 -4.843 0.0 0.0 0.0 1000.0
15 49.725 11.99 0.0 0.0 0.0 1000.0
16 21.133 14.142 0.0 0.0 0.0 1000.0
