10 6 180
1 -63.116 -67.462 6.0 19.0 230.0 367.0
2 71.814 26.501 12.0 17.0 143.0 253.0
3 65.527 14.026 25.0 19.0 114.0 218.0
4 -8.398 -37.604 12.0 17.0 91.0 216.0
5 33.557 28.064 5.0 16.0 175.0 326.0
6 -21.228 0.751 4.0 4.0 92.0 192.0
7 14.6 11.365 15.0 21.0 369.0 484.0
8 40.381 1.611 8.0 3.0 103.0 256.0
9 57.501 16.327 17.0 10.0 225.0 389.0
10 20.27 -4.999 5.0 21.0 462.0 606.0
11 49.725 11.99 0.0 0.0 0.0 1000.0
12 -15.067 -23.95 0.0 0.0 0.0 1000.0
13 -41.833 -35.361 0.0 0.0 0.0 1000.0
14 21.133 14.142 0.0 0.0 0.0 1000.0
15 38.791 22.443 0.0 0.0 0.0 1000.0
16 -29.523 -4.843 0.0 0.0 0.0 1000.0
