10 6 180
1 16.095 -2.49 4.0 17.0 277.0 370.0
2 -35.889 -16.034 19.0 13.0 62.0 206.0
3 1.257 29.156 9.0 2.0 74.0 224.0
4 49.78 6.866 23.0 11.0 338.0 504.0
5 -10.541 -31.305 18.0 14.0 175.0 291.0
6 -39.758 -13.019 3.0 25.0 322.0 466.0
7 59.338 -31.86 19.0 4.0 394.0 489.0
8 -25.592 -10.84 23.0 1.0 118.0 226.0
9 34.906 -4.578 2.0 7.0 261.0 374.0
10 32.397 -32.532 20.0 24.0 427.0 561.0
11 -15.067 -23.95 0.0 0.0 0.0 1000.0
12 38.791 22.443 0.0 0.0 0.0 1000.0
13 -41.833 -35.361 0.0 0.0 0.0 1000.0
14 21.133 14.142 0.0 0.0 0.0 1000.0
15 -29.523 -4.843 0.0 0.0 0.0 1000.0
16 49.725 11.99 0.0 0.0 0.0 1000.0
