15 2 180
1 59.961 24.31 8.0 21.0 164.0 513.0
2 45.374 22.131 15.0 13.0 235.0 469.0
3 72.821 -38.916 3.0 12.0 191.0 389.0
4 -5.133 -18.463 25.0 23.0 217.0 547.0
5 15.021 13.708 4.0 3.0 275.0 618.0
6 43.372 4.187 14.0 8.0 281.0 598.0
7 -10.541 -31.305 18.0 14.0 139.0 449.0
8 -73.999 -54.626 7.0 18.0 134.0 484.0
9 21.594 16.144 9.0 17.0 124.0 348.0
10 59.338 -31.86 19.0 4.0 230.0 558.0
11 -53.021 -21.484 1.0 4.0 126.0 460.0
12 27.93 29.321 3.0 21.0 186.0 390.0
13 -42.822 -30.17 12.0 24.0 178.0 529.0
14 49.78 6.866 23.0 11.0 90.0 319.0
15 62.244 43.628 13.0 10.0 237.0 441.0
16 -15.067 -23.95 0.0 0.0 0.0 1000.0
17 49.725 11.99 0.0 0.0 0.0 1000.0
