15 2 180
1 -0.763 41.339 22.0 1.0 295.0 501.0
2 12.103 23.84 24.0 1.0 243.0 443.0
3 29.077 63.116 4.0 15.0 186.0 426.0
4 58.13 46.606 5.0 5.0 139.0 403.0
5 34.906 -4.578 2.0 7.0 83.0 434.0
6 -53.656 21.692 10.0 8.0 118.0 389.0
7 -63.086 -60.114 10.0 19.0 110.0 446.0
8 47.321 24.414 3.0 16.0 67.0 346.0
9 34.064 -59.357 16.0 16.0 212.0 565.0
10 -35.889 -16.034 19.0 13.0 64.0 280.0
11 -44.44 30.09 6.0 4.0 251.0 549.0
12 -6.61 -30.157 4.0 9.0 76.0 383.0
13 -49.365 -9.052 2.0 2.0 229.0 458.0
14 -48.383 -48.92 19.0 4.0 188.0 438.0
15 43.079 42.017 3.0 20.0 98.0 430.0
16 38.791 22.443 0.0 0.0 0.0 1000.0
17 -15.067 -23.95 0.0 0.0 0.0 1000.0
