15 2 180
1 54.962 2.985 15.0 23.0 87.0 317.0
2 42.578 45.325 15.0 2.0 113.0 375.0
3 82.08 27.057 17.0 24.0 207.0 557.0
4 -2.93 13.22 23.0 19.0 163.0 482.0
5 20.917 -52.582 17.0 8.0 65.0 409.0
6 47.321 24.414 3.0 16.0 67.0 346.0
7 -47.754 -50.073 4.0 2.0 144.0 327.0
8 -10.724 -2.075 4.0 1.0 151.0 461.0
9 -48.383 -48.92 19.0 4.0 188.0 438.0
10 14.459 -2.972 4.0 14.0 190.0 485.0
11 -6.61 -30.157 4.0 9.0 76.0 383.0
12 36.56 -2.441 18.0 21.0 275.0 596.0
13 7.141 24.817 8.0 13.0 73.0 373.0
14 -73.621 -9.552 6.0 19.0 95.0 422.0
15 -0.763 41.339 22.0 1.0 295.0 501.0
16 49.725 11.99 0.0 0.0 0.0 1000.0
17 38.791 22.443 0.0 0.0 0.0 1000.0
