15 2 180
1 -43.17 -30.487 16.0 15.0 297.0 653.0
2 48.242 47.284 6.0 17.0 243.0 582.0
3 46.985 17.224 3.0 21.0 90.0 369.0
4 11.774 11.133 13.0 6.0 61.0 402.0
5 -52.539 60.107 17.0 17.0 224.0 455.0
6 -56.256 -5.548 9.0 11.0 172.0 365.0
7 64.203 77.612 7.0 25.0 289.0 589.0
8 -41.235 -66.357 14.0 3.0 114.0 369.0
9 23.877 9.808 11.0 14.0 231.0 558.0
10 -8.392 -38.678 13.0 24.0 192.0 394.0
11 -48.895 -71.1 3.0 21.0 154.0 347.0
12 -21.088 -13.293 4.0 1.0 136.0 435.0
13 -73.621 -9.552 6.0 19.0 95.0 422.0
14 -17.548 -46.765 5.0 14.0 157.0 340.0
15 54.962 2.985 15.0 23.0 87.0 317.0
16 -41.833 -35.361 0.0 0.0 0.0 1000.0
17 -15.067 -23.95 0.0 0.0 0.0 1000.0
