15 2 180
1 29.706 15.454 16.0 3.0 63.0 274.0
2 74.274 -19.922 22.0 7.0 72.0 425.0
3 -12.067 -21.509 12.0 9.0 116.0 475.0
4 18.842 -38.019 10.0 14.0 243.0 593.0
5 44.659 20.465 4.0 7.0 62.0 375.0
6 42.578 45.325 15.0 2.0 113.0 375.0
7 -5.133 -18.463 25.0 23.0 217.0 547.0
8 -39.838 -67.731 4.0 8.0 77.0 385.0
9 54.388 8.63 17.0 1.0 285.0 560.0
10 -53.021 -21.484 1.0 4.0 126.0 460.0
11 -61.957 -33.038 7.0 9.0 197.0 550.0
12 -16.864 -49.768 17.0 25.0 69.0 293.0
13 -52.539 60.107 17.0 17.0 224.0 455.0
14 20.27 -4.999 5.0 21.0 176.0 427.0
15 -9.003 -25.452 10.0 2.0 72.0 261.0
16 -15.067 -23.95 0.0 0.0 0.0 1000.0
17 21.133 14.142 0.0 0.0 0.0 1000.0
