15 4 185
1 20.844 21.167 24.0 22.0 281.0 531.0
2 52.057 30.334 23.0 5.0 295.0 631.0
3 -56.958 27.905 10.0 9.0 92.0 325.0
4 17.413 75.146 10.0 6.0 296.0 624.0
5 -33.954 -73.059 20.0 16.0 159.0 416.0
6 -13.971 28.198 18.0 11.0 157.0 349.0
7 -39.465 4.907 25.0 7.0 144.0 458.0
8 -1.19 42.023 3.0 5.0 120.0 330.0
9 72.156 30.103 22.0 4.0 74.0 295.0
10 5.048 -35.046 19.0 8.0 169.0 447.0
11 -12.604 22.058 15.0 20.0 276.0 629.0
12 57.483 35.504 17.0 15.0 194.0 408.0
13 28.802 -8.582 2.0 18.0 75.0 367.0
14 26.093 -33.966 18.0 2.0 190.0 450.0
15 93.524 -20.233 17.0 17.0 183.0 506.0
16 -26.102 16.809 0.0 0.0 0.0 1000.0
17 -23.138 48.45 0.0 0.0 0.0 1000.0
18 -0.14 7.266 0.0 0.0 0.0 1000.0
19 0.244 -35.892 0.0 0.0 0.0 1000.0
