15 4 185
1 -19.342 21.118 13.0 25.0 153.0 394.0
2 0.446 -46.735 25.0 22.0 170.0 483.0
3 7.855 -49.451 7.0 7.0 105.0 403.0
4 -14.294 -33.423 24.0 4.0 103.0 315.0
5 -0.739 59.491 20.0 21.0 174.0 496.0
6 -56.958 27.905 10.0 9.0 92.0 325.0
7 -44.629 -55.64 6.0 11.0 87.0 312.0
8 72.156 30.103 22.0 4.0 74.0 295.0
9 -0.897 -54.938 21.0 9.0 276.0 560.0
10 -16.864 7.776 15.0 22.0 173.0 411.0
11 27.759 48.712 7.0 25.0 287.0 570.0
12 -4.584 3.491 3.0 10.0 82.0 406.0
13 -26.166 -48.999 22.0 24.0 88.0 283.0
14 10.754 -28.552 6.0 2.0 214.0 463.0
15 -33.954 -73.059 20.0 16.0 159.0 416.0
16 -26.102 16.809 0.0 0.0 0.0 1000.0
17 -0.14 7.266 0.0 0.0 0.0 1000.0
18 0.244 -35.892 0.0 0.0 0.0 1000.0
19 -23.138 48.45 0.0 0.0 0.0 1000.0
