15 4 185
1 5.597 -34.076 9.0 12.0 289.0 478.0
2 17.145 -47.046 7.0 22.0 169.0 476.0
3 14.093 -13.605 12.0 19.0 249.0 529.0
4 1.093 -7.135 15.0 12.0 292.0 563.0
5 -34.454 42.346 25.0 8.0 90.0 435.0
6 19.867 38.824 6.0 18.0 281.0 551.0
7 22.009 -8.636 5.0 21.0 164.0 387.0
8 13.696 34.607 5.0 9.0 235.0 555.0
9 7.855 -49.451 7.0 7.0 105.0 403.0
10 -79.236 -57.678 2.0 4.0 114.0 386.0
11 7.489 -57.239 21.0 7.0 277.0 611.0
12 0.537 -26.221 7.0 10.0 149.0 503.0
13 -3.418 89.594 20.0 3.0 63.0 383.0
14 -19.342 21.118 13.0 25.0 153.0 394.0
15 -44.44 63.721 17.0 23.0 220.0 458.0
16 -23.138 48.45 0.0 0.0 0.0 1000.0
17 -0.14 7.266 0.0 0.0 0.0 1000.0
18 -26.102 16.809 0.0 0.0 0.0 1000.0
19 0.244 -35.892 0.0 0.0 0.0 1000.0
