15 4 185
1 20.941 -5.646 18.0 22.0 128.0 343.0
2 -79.236 -57.678 2.0 4.0 114.0 386.0
3 -36.694 -6.256 17.0 24.0 142.0 488.0
4 8.435 52.838 16.0 9.0 150.0 390.0
5 30.878 24.316 15.0 25.0 223.0 405.0
6 13.696 34.607 5.0 9.0 235.0 555.0
7 -24.109 -34.625 10.0 3.0 177.0 514.0
8 -21.655 1.636 1.0 13.0 215.0 482.0
9 -25.47 44.58 7.0 23.0 130.0 431.0
10 -6.5 71.436 9.0 14.0 146.0 393.0
11 -44.44 63.721 17.0 23.0 220.0 458.0
12 -32.501 39.526 18.0 16.0 159.0 456.0
13 -2.35 42.938 16.0 12.0 173.0 424.0
14 17.975 -0.409 11.0 12.0 274.0 549.0
15 6.683 -27.069 4.0 4.0 77.0 350.0
16 -23.138 48.45 0.0 0.0 0.0 1000.0
17 -0.14 7.266 0.0 0.0 0.0 1000.0
18 -26.102 16.809 0.0 0.0 0.0 1000.0
19 0.244 -35.892 0.0 0.0 0.0 1000.0
