15 4 185
1 -63.873 -5.273 16.0 15.0 149.0 360.0
2 -36.23 51.904 2.0 19.0 279.0 500.0
3 -18.738 45.227 8.0 14.0 140.0 405.0
4 18.988 6.219 23.0 20.0 244.0 557.0
5 5.597 -34.076 9.0 12.0 289.0 478.0
6 -48.12 94.116 15.0 6.0 273.0 532.0
7 -16.565 66.547 10.0 12.0 145.0 437.0
8 -50.458 7.812 11.0 2.0 154.0 449.0
9 -44.44 63.721 17.0 23.0 220.0 458.0
10 1.52 -29.034 8.0 9.0 217.0 397.0
11 -64.679 83.038 1.0 6.0 259.0 484.0
12 12.079 -42.346 19.0 7.0 74.0 359.0
13 -56.958 27.905 10.0 9.0 92.0 325.0
14 -80.994 -77.686 3.0 21.0 212.0 455.0
15 -46.802 -14.661 18.0 10.0 78.0 317.0
16 0.244 -35.892 0.0 0.0 0.0 1000.0
17 -26.102 16.809 0.0 0.0 0.0 1000.0
18 -0.14 7.266 0.0 0.0 0.0 1000.0
19 -23.138 48.45 0.0 0.0 0.0 1000.0
