15 6 180
1 -91.095 -80.737 25.0 4.0 253.0 597.0
2 19.696 10.767 14.0 10.0 207.0 479.0
3 -6.494 -29.425 23.0 19.0 94.0 292.0
4 -29.81 -12.408 18.0 12.0 111.0 411.0
5 33.557 28.064 5.0 16.0 123.0 376.0
6 34.064 -59.357 16.0 16.0 212.0 565.0
7 81.299 13.409 10.0 24.0 235.0 543.0
8 -30.267 14.893 24.0 17.0 80.0 305.0
9 -49.603 -76.624 7.0 16.0 125.0 327.0
10 -61.957 -33.038 7.0 9.0 197.0 550.0
11 47.919 13.629 15.0 16.0 141.0 410.0
12 -12.225 14.148 19.0 19.0 197.0 482.0
13 33.655 -0.928 19.0 19.0 270.0 504.0
14 -1.801 -18.671 3.0 2.0 114.0 442.0
15 -30.157 38.776 1.0 5.0 112.0 370.0
16 -29.523 -4.843 0.0 0.0 0.0 1000.0
17 49.725 11.99 0.0 0.0 0.0 1000.0
18 -15.067 -23.95 0.0 0.0 0.0 1000.0
19 -41.833 -35.361 0.0 0.0 0.0 1000.0
20 38.791 22.443 0.0 0.0 0.0 1000.0
21 21.133 14.142 0.0 0.0 0.0 1000.0
