15 6 180
1 -6.494 -29.425 23.0 19.0 94.0 292.0
2 -5.133 -18.463 25.0 23.0 217.0 547.0
3 57.501 16.327 17.0 10.0 271.0 576.0
4 47.321 24.414 3.0 16.0 67.0 346.0
5 36.261 26.782 6.0 23.0 135.0 388.0
6 -13.794 -27.106 18.0 13.0 163.0 505.0
7 -14.697 -0.116 5.0 10.0 169.0 505.0
8 -36.725 25.494 16.0 5.0 136.0 395.0
9 41.058 22.931 6.0 12.0 265.0 624.0
10 -54.675 -18.439 6.0 22.0 115.0 335.0
11 -17.56 -10.48 19.0 14.0 62.0 353.0
12 34.064 -59.357 16.0 16.0 212.0 565.0
13 -4.803 43.036 20.0 2.0 120.0 446.0
14 40.381 1.611 8.0 3.0 186.0 440.0
15 -39.362 -58.521 23.0 15.0 115.0 305.0
16 49.725 11.99 0.0 0.0 0.0 1000.0
17 21.133 14.142 0.0 0.0 0.0 1000.0
18 -41.833 -35.361 0.0 0.0 0.0 1000.0
19 38.791 22.443 0.0 0.0 0.0 1000.0
20 -15.067 -23.95 0.0 0.0 0.0 1000.0
21 -29.523 -4.843 0.0 0.0 0.0 1000.0
