15 6 180
1 15.021 13.708 4.0 3.0 275.0 618.0
2 -36.725 25.494 16.0 5.0 136.0 395.0
3 42.578 45.325 15.0 2.0 113.0 375.0
4 8.099 80.725 3.0 8.0 254.0 485.0
5 9.491 -41.901 5.0 9.0 217.0 459.0
6 -47.754 -50.073 4.0 2.0 144.0 327.0
7 -39.758 -13.019 3.0 25.0 244.0 436.0
8 -56.378 -42.755 13.0 1.0 147.0 471.0
9 -13.794 -27.106 18.0 13.0 163.0 505.0
10 -53.027 -33.179 21.0 20.0 120.0 416.0
11 -24.628 -68.701 6.0 8.0 124.0 439.0
12 -63.074 27.38 11.0 25.0 85.0 377.0
13 11.774 11.133 13.0 6.0 61.0 402.0
14 41.058 22.931 6.0 12.0 265.0 624.0
15 84.497 29.822 7.0 9.0 253.0 504.0
16 -41.833 -35.361 0.0 0.0 0.0 1000.0
17 -29.523 -4.843 0.0 0.0 0.0 1000.0
18 49.725 11.99 0.0 0.0 0.0 1000.0
19 -15.067 -23.95 0.0 0.0 0.0 1000.0
20 21.133 14.142 0.0 0.0 0.0 1000.0
21 38.791 22.443 0.0 0.0 0.0 1000.0
