15 6 180
1 21.594 16.144 9.0 17.0 124.0 348.0
2 1.251 -26.55 15.0 9.0 266.0 504.0
3 -49.365 -9.052 2.0 2.0 229.0 458.0
4 18.738 21.399 4.0 5.0 99.0 317.0
5 -91.095 -80.737 25.0 4.0 253.0 597.0
6 81.299 13.409 10.0 24.0 235.0 543.0
7 62.244 43.628 13.0 10.0 237.0 441.0
8 10.98 -7.605 6.0 3.0 162.0 399.0
9 -43.628 -32.318 24.0 9.0 289.0 566.0
10 -37.012 6.476 8.0 18.0 180.0 384.0
11 49.78 6.866 23.0 11.0 90.0 319.0
12 -16.73 -16.559 15.0 8.0 196.0 518.0
13 -43.17 -30.487 16.0 15.0 297.0 653.0
14 -38.538 -37.396 19.0 15.0 87.0 343.0
15 -18.768 -23.663 24.0 16.0 130.0 330.0
16 38.791 22.443 0.0 0.0 0.0 1000.0
17 -15.067 -23.95 0.0 0.0 0.0 1000.0
18 21.133 14.142 0.0 0.0 0.0 1000.0
19 49.725 11.99 0.0 0.0 0.0 1000.0
20 -29.523 -4.843 0.0 0.0 0.0 1000.0
21 -41.833 -35.361 0.0 0.0 0.0 1000.0
