15 6 180
1 35.822 19.763 3.0 9.0 89.0 341.0
2 33.948 45.209 10.0 22.0 190.0 456.0
3 75.452 -13.422 20.0 3.0 145.0 504.0
4 -16.602 -29.327 4.0 1.0 148.0 444.0
5 48.468 -66.04 20.0 21.0 220.0 485.0
6 48.242 47.284 6.0 17.0 243.0 582.0
7 -62.036 -21.326 12.0 5.0 161.0 470.0
8 -20.99 -80.511 4.0 13.0 246.0 570.0
9 -53.656 21.692 10.0 8.0 118.0 389.0
10 -53.021 -21.484 1.0 4.0 126.0 460.0
11 40.381 1.611 8.0 3.0 186.0 440.0
12 -91.815 29.858 15.0 23.0 140.0 496.0
13 41.058 22.931 6.0 12.0 265.0 624.0
14 -47.754 -50.073 4.0 2.0 144.0 327.0
15 -36.365 -48.163 5.0 5.0 238.0 526.0
16 -29.523 -4.843 0.0 0.0 0.0 1000.0
17 38.791 22.443 0.0 0.0 0.0 1000.0
18 -41.833 -35.361 0.0 0.0 0.0 1000.0
19 21.133 14.142 0.0 0.0 0.0 1000.0
20 -15.067 -23.95 0.0 0.0 0.0 1000.0
21 49.725 11.99 0.0 0.0 0.0 1000.0
