20 2 170
1 71.509 11.652 19.0 23.0 132.0 270.0
2 -32.806 -3.845 9.0 8.0 430.0 554.0
3 51.904 19.891 5.0 10.0 235.0 414.0
4 -96.924 8.411 25.0 25.0 102.0 251.0
5 33.844 27.875 1.0 24.0 110.0 284.0
6 -10.651 54.431 16.0 21.0 113.0 264.0
7 20.801 10.76 3.0 13.0 128.0 266.0
8 -47.766 -35.59 24.0 20.0 65.0 172.0
9 -3.339 -36.243 6.0 3.0 150.0 272.0
10 -23.749 -56.012 1.0 17.0 112.0 222.0
11 -52.429 -84.088 20.0 23.0 167.0 322.0
12 23.01 -45.703 19.0 13.0 291.0 412.0
13 47.339 17.365 14.0 2.0 240.0 338.0
14 -56.537 -42.334 11.0 4.0 328.0 470.0
15 -16.479 48.657 3.0 6.0 287.0 452.0
16 2.954 -8.563 24.0 17.0 274.0 427.0
17 16.016 11.169 1.0 18.0 141.0 288.0
18 60.297 52.637 18.0 12.0 112.0 255.0
19 -50.537 28.357 4.0 24.0 131.0 224.0
20 -95.068 44.293 4.0 21.0 209.0 318.0
21 23.746 -0.522 0.0 0.0 0.0 1000.0
22 -40.198 -12.781 0.0 0.0 0.0 1000.0
