20 2 170
1 -86.102 -59.808 13.0 20.0 390.0 530.0
2 93.378 23.004 2.0 8.0 331.0 457.0
3 -1.105 -30.676 24.0 7.0 446.0 589.0
4 72.125 65.405 21.0 17.0 237.0 398.0
5 98.431 31.348 2.0 19.0 182.0 305.0
6 -70.569 -7.037 7.0 15.0 355.0 522.0
7 -2.258 -5.078 3.0 15.0 394.0 565.0
8 77.008 -6.097 16.0 24.0 353.0 459.0
9 -38.727 -33.588 8.0 12.0 443.0 548.0
10 -4.706 14.056 19.0 18.0 106.0 270.0
11 -98.242 61.658 22.0 5.0 379.0 557.0
12 62.006 -1.453 25.0 4.0 163.0 265.0
13 -53.943 -29.663 1.0 9.0 194.0 307.0
14 3.436 -52.734 19.0 5.0 281.0 406.0
15 51.672 -26.343 9.0 10.0 376.0 484.0
16 13.409 -22.302 10.0 23.0 405.0 517.0
17 -18.939 57.69 24.0 12.0 172.0 333.0
18 14.984 26.172 16.0 4.0 446.0 583.0
19 -34.277 -1.41 18.0 17.0 403.0 547.0
20 47.04 -41.254 24.0 15.0 263.0 428.0
21 -40.198 -12.781 0.0 0.0 0.0 1000.0
22 -46.396 -39.923 0.0 0.0 0.0 1000.0
