20 2 170
1 -8.386 -2.264 11.0 12.0 175.0 314.0
2 1.361 -3.564 20.0 20.0 155.0 308.0
3 47.04 -41.254 24.0 15.0 263.0 428.0
4 -33.551 -25.586 3.0 14.0 353.0 444.0
5 -7.953 4.639 24.0 13.0 276.0 368.0
6 -13.129 -53.601 11.0 18.0 195.0 308.0
7 -16.821 17.664 23.0 10.0 145.0 324.0
8 22.98 -18.109 7.0 17.0 149.0 302.0
9 -23.639 -47.681 2.0 21.0 341.0 448.0
10 -34.973 -27.856 6.0 4.0 445.0 563.0
11 -9.283 -6.689 24.0 23.0 172.0 285.0
12 -37.561 -41.73 5.0 3.0 395.0 527.0
13 -3.339 -36.243 6.0 3.0 150.0 272.0
14 27.435 17.554 11.0 25.0 209.0 380.0
15 42.151 -25.58 19.0 25.0 228.0 365.0
16 41.229 -24.5 1.0 2.0 394.0 488.0
17 -17.01 -21.857 21.0 23.0 179.0 298.0
18 -52.161 -74.725 18.0 23.0 377.0 547.0
19 -66.772 -34.943 6.0 7.0 123.0 229.0
20 13.409 -22.302 10.0 23.0 405.0 517.0
21 18.329 -35.468 0.0 0.0 0.0 1000.0
22 -46.396 -39.923 0.0 0.0 0.0 1000.0
