20 2 170
1 -23.639 -47.681 2.0 21.0 341.0 448.0
2 -27.167 -27.936 25.0 15.0 241.0 357.0
3 12.17 -59.869 1.0 18.0 247.0 366.0
4 69.684 -51.52 6.0 4.0 309.0 409.0
5 -39.874 -53.375 22.0 2.0 280.0 371.0
6 -47.766 -35.59 24.0 20.0 65.0 172.0
7 -57.434 38.525 12.0 14.0 354.0 519.0
8 27.85 -10.028 8.0 22.0 467.0 641.0
9 19.617 17.865 21.0 8.0 362.0 506.0
10 4.388 -38.489 16.0 3.0 139.0 303.0
11 6.439 -3.516 15.0 21.0 209.0 376.0
12 -22.449 15.771 19.0 4.0 172.0 287.0
13 6.512 -46.124 9.0 13.0 423.0 554.0
14 -92.731 44.885 25.0 7.0 236.0 346.0
15 33.844 27.875 1.0 24.0 110.0 284.0
16 62.006 -1.453 25.0 4.0 163.0 265.0
17 31.293 -39.905 20.0 4.0 473.0 631.0
18 -6.421 21.967 21.0 21.0 264.0 432.0
19 -5.048 7.306 24.0 7.0 408.0 562.0
20 -35.834 -23.834 4.0 7.0 245.0 388.0
21 -1.193 2.515 0.0 0.0 0.0 1000.0
22 -46.396 -39.923 0.0 0.0 0.0 1000.0
