20 2 170
1 -3.76 59.875 4.0 4.0 130.0 224.0
2 49.249 -30.896 17.0 10.0 386.0 516.0
3 -2.911 36.2 13.0 17.0 284.0 452.0
4 -23.749 -56.012 1.0 17.0 112.0 222.0
5 -33.551 -25.586 3.0 14.0 353.0 444.0
6 8.508 -2.539 20.0 12.0 100.0 204.0
7 -43.89 13.007 24.0 10.0 212.0 373.0
8 0.549 3.644 18.0 17.0 368.0 514.0
9 82.202 85.828 25.0 25.0 281.0 380.0
10 -56.238 -3.076 15.0 23.0 83.0 240.0
11 -34.277 -1.41 18.0 17.0 403.0 547.0
12 39.215 -29.773 21.0 24.0 446.0 545.0
13 -48.621 -12.39 12.0 25.0 103.0 259.0
14 2.301 5.536 23.0 2.0 428.0 579.0
15 2.344 -16.516 2.0 22.0 392.0 537.0
16 -44.592 -35.333 24.0 14.0 397.0 567.0
17 -71.936 -20.16 11.0 15.0 107.0 228.0
18 -40.582 -53.247 15.0 23.0 377.0 536.0
19 -22.803 5.658 15.0 16.0 127.0 247.0
20 -34.741 0.58 14.0 10.0 105.0 272.0
21 -1.193 2.515 0.0 0.0 0.0 1000.0
22 23.746 -0.522 0.0 0.0 0.0 1000.0
