20 4 180
1 31.152 43.665 24.0 7.0 92.0 212.0
2 42.511 32.056 18.0 1.0 225.0 379.0
3 -17.291 -10.254 24.0 6.0 165.0 341.0
4 7.446 18.5 12.0 23.0 433.0 581.0
5 -36.304 -21.307 15.0 9.0 345.0 487.0
6 -14.258 -30.249 5.0 25.0 232.0 409.0
7 69.171 72.577 12.0 22.0 76.0 254.0
8 5.847 -3.186 4.0 5.0 202.0 312.0
9 13.837 -44.452 18.0 3.0 64.0 237.0
10 -0.83 -6.525 18.0 15.0 289.0 439.0
11 -14.386 -42.236 24.0 15.0 79.0 175.0
12 -12.598 -58.929 25.0 13.0 464.0 597.0
13 4.803 -7.288 3.0 17.0 421.0 567.0
14 66.852 -37.842 15.0 22.0 108.0 210.0
15 -18.634 -25.665 1.0 16.0 432.0 547.0
16 -47.125 -77.85 25.0 16.0 126.0 239.0
17 -52.026 -35.339 19.0 3.0 78.0 221.0
18 -17.133 -19.397 19.0 16.0 199.0 373.0
19 -0.372 -27.264 10.0 1.0 144.0 253.0
20 22.046 -34.137 23.0 25.0 392.0 544.0
21 -3.113 -29.745 0.0 0.0 0.0 1000.0
22 3.14 13.297 0.0 0.0 0.0 1000.0
23 0.269 -8.154 0.0 0.0 0.0 1000.0
24 34.43 -17.151 0.0 0.0 0.0 1000.0
