20 4 180
1 7.55 -21.21 5.0 18.0 244.0 372.0
2 76.05 12.073 19.0 13.0 317.0 492.0
3 -65.967 -36.749 14.0 9.0 420.0 521.0
4 -5.518 -51.947 2.0 7.0 295.0 430.0
5 40.906 -33.765 7.0 11.0 388.0 494.0
6 43.793 -11.102 22.0 11.0 101.0 210.0
7 25.391 46.613 16.0 7.0 95.0 216.0
8 -2.875 0.787 8.0 2.0 447.0 572.0
9 -14.612 -31.506 1.0 2.0 101.0 207.0
10 3.705 -16.449 24.0 18.0 413.0 526.0
11 3.949 7.3 22.0 23.0 396.0 510.0
12 29.266 -2.222 22.0 7.0 244.0 388.0
13 13.885 -36.23 7.0 1.0 292.0 389.0
14 -33.661 -41.241 1.0 18.0 461.0 626.0
15 31.537 -8.722 24.0 15.0 154.0 325.0
16 -2.46 12.817 15.0 13.0 62.0 154.0
17 43.427 -18.439 10.0 18.0 187.0 292.0
18 0.122 -4.645 24.0 18.0 233.0 340.0
19 13.489 19.739 23.0 2.0 239.0 386.0
20 -4.163 -53.497 8.0 2.0 478.0 585.0
21 3.14 13.297 0.0 0.0 0.0 1000.0
22 -3.113 -29.745 0.0 0.0 0.0 1000.0
23 0.269 -8.154 0.0 0.0 0.0 1000.0
24 34.43 -17.151 0.0 0.0 0.0 1000.0
