20 4 180
1 -0.372 -27.264 10.0 1.0 144.0 253.0
2 6.598 -54.578 20.0 17.0 90.0 253.0
3 -5.664 8.881 15.0 14.0 68.0 225.0
4 22.046 -34.137 23.0 25.0 392.0 544.0
5 -14.386 -42.236 24.0 15.0 79.0 175.0
6 26.941 17.444 9.0 15.0 437.0 611.0
7 50.104 8.636 6.0 9.0 309.0 475.0
8 63.416 -8.636 1.0 3.0 238.0 330.0
9 60.516 63.416 9.0 3.0 167.0 311.0
10 32.013 77.332 5.0 25.0 264.0 394.0
11 6.104 -64.093 14.0 8.0 130.0 263.0
12 -21.857 -39.502 23.0 14.0 430.0 538.0
13 59.406 -49.261 19.0 19.0 107.0 233.0
14 -0.641 -21.289 4.0 19.0 225.0 325.0
15 -12.939 -7.495 8.0 10.0 66.0 184.0
16 -8.051 -21.179 6.0 6.0 218.0 344.0
17 31.116 -35.907 13.0 16.0 141.0 286.0
18 72.003 -9.253 19.0 2.0 364.0 458.0
19 -27.356 -50.177 5.0 1.0 382.0 492.0
20 -15.216 3.284 2.0 20.0 242.0 359.0
21 34.43 -17.151 0.0 0.0 0.0 1000.0
22 -3.113 -29.745 0.0 0.0 0.0 1000.0
23 0.269 -8.154 0.0 0.0 0.0 1000.0
24 3.14 13.297 0.0 0.0 0.0 1000.0
