20 4 180
1 49.536 -54.639 25.0 21.0 384.0 550.0
2 -8.929 -43.903 23.0 25.0 236.0 336.0
3 59.406 -49.261 19.0 19.0 107.0 233.0
4 -3.149 -55.432 18.0 25.0 71.0 220.0
5 -25.275 -12.183 4.0 12.0 420.0 561.0
6 2.301 -5.536 25.0 15.0 221.0 321.0
7 40.088 -9.625 17.0 14.0 233.0 352.0
8 -11.584 -46.857 16.0 7.0 117.0 240.0
9 19.318 29.498 23.0 6.0 277.0 412.0
10 -5.859 -1.862 5.0 20.0 271.0 425.0
11 -0.623 23.114 20.0 6.0 179.0 292.0
12 13.885 -36.23 7.0 1.0 292.0 389.0
13 -9.778 26.794 1.0 18.0 274.0 371.0
14 65.991 -49.829 20.0 10.0 422.0 555.0
15 -21.063 -41.498 10.0 2.0 133.0 310.0
16 6.854 19.073 8.0 11.0 139.0 234.0
17 -37.891 -36.115 3.0 11.0 91.0 227.0
18 43.091 -12.36 3.0 22.0 308.0 401.0
19 -0.134 -20.264 16.0 5.0 244.0 419.0
20 29.266 -2.222 22.0 7.0 244.0 388.0
21 3.14 13.297 0.0 0.0 0.0 1000.0
22 34.43 -17.151 0.0 0.0 0.0 1000.0
23 -3.113 -29.745 0.0 0.0 0.0 1000.0
24 0.269 -8.154 0.0 0.0 0.0 1000.0
