20 4 180
1 0.122 -4.645 24.0 18.0 233.0 340.0
2 -2.46 12.817 15.0 13.0 62.0 154.0
3 40.088 -9.625 17.0 14.0 233.0 352.0
4 13.544 -20.874 11.0 2.0 334.0 434.0
5 25.818 -5.835 3.0 9.0 289.0 396.0
6 12.482 -78.101 3.0 1.0 190.0 368.0
7 -6.128 -39.624 9.0 21.0 409.0 510.0
8 59.406 -49.261 19.0 19.0 107.0 233.0
9 -0.623 23.114 20.0 6.0 179.0 292.0
10 69.171 72.577 12.0 22.0 76.0 254.0
11 28.656 -1.99 9.0 17.0 74.0 191.0
12 63.416 -8.636 1.0 3.0 238.0 330.0
13 8.978 35.406 14.0 24.0 165.0 260.0
14 -15.753 -40.204 1.0 17.0 358.0 514.0
15 -7.135 -57.434 3.0 11.0 325.0 442.0
16 13.489 19.739 23.0 2.0 239.0 386.0
17 -0.647 -27.502 3.0 21.0 455.0 587.0
18 22.205 -9.216 9.0 23.0 87.0 235.0
19 -65.967 -36.749 14.0 9.0 420.0 521.0
20 16.254 -22.583 17.0 15.0 346.0 520.0
21 0.269 -8.154 0.0 0.0 0.0 1000.0
22 34.43 -17.151 0.0 0.0 0.0 1000.0
23 3.14 13.297 0.0 0.0 0.0 1000.0
24 -3.113 -29.745 0.0 0.0 0.0 1000.0
