20 6 170
1 11.09 -40.942 17.0 24.0 351.0 529.0
2 27.173 -13.33 17.0 22.0 323.0 487.0
3 88.983 -53.387 21.0 22.0 265.0 386.0
4 -14.032 -19.818 18.0 22.0 324.0 433.0
5 17.23 5.096 14.0 11.0 393.0 565.0
6 51.904 19.891 5.0 10.0 235.0 414.0
7 -44.574 -44.055 15.0 24.0 107.0 263.0
8 -16.479 48.657 3.0 6.0 287.0 452.0
9 37.854 -5.524 15.0 1.0 408.0 585.0
10 -29.712 -46.326 6.0 13.0 204.0 298.0
11 -42.316 -60.602 9.0 25.0 279.0 382.0
12 27.435 17.554 11.0 25.0 209.0 380.0
13 -49.261 -41.718 8.0 21.0 81.0 199.0
14 -52.374 -50.244 16.0 13.0 194.0 307.0
15 25.385 22.986 14.0 21.0 145.0 319.0
16 40.344 -24.176 12.0 13.0 321.0 491.0
17 -24.677 16.608 9.0 14.0 355.0 484.0
18 7.745 -75.378 17.0 11.0 363.0 514.0
19 -69.775 -41.406 1.0 4.0 246.0 419.0
20 27.814 6.512 1.0 13.0 367.0 493.0
21 23.746 -0.522 0.0 0.0 0.0 1000.0
22 -40.488 -35.864 0.0 0.0 0.0 1000.0
23 18.329 -35.468 0.0 0.0 0.0 1000.0
24 -46.396 -39.923 0.0 0.0 0.0 1000.0
25 -40.198 -12.781 0.0 0.0 0.0 1000.0
26 -1.193 2.515 0.0 0.0 0.0 1000.0
