20 6 170
1 -80.408 -60.583 3.0 14.0 331.0 458.0
2 25.513 -52.985 15.0 16.0 240.0 410.0
3 -1.105 -30.676 24.0 7.0 446.0 589.0
4 -40.582 -53.247 15.0 23.0 377.0 536.0
5 -19.659 42.035 20.0 24.0 183.0 337.0
6 -4.803 21.674 15.0 1.0 459.0 572.0
7 -27.173 -4.462 15.0 25.0 353.0 489.0
8 -51.483 -23.248 17.0 21.0 61.0 233.0
9 -59.436 36.487 24.0 23.0 108.0 259.0
10 -62.036 -43.439 21.0 18.0 78.0 168.0
11 19.617 17.865 21.0 8.0 362.0 506.0
12 -95.068 44.293 4.0 21.0 209.0 318.0
13 -23.749 -56.012 1.0 17.0 112.0 222.0
14 -26.166 -56.152 14.0 11.0 375.0 501.0
15 11.682 -63.336 15.0 16.0 387.0 497.0
16 5.53 -4.901 7.0 7.0 151.0 320.0
17 -16.62 -55.389 20.0 16.0 321.0 414.0
18 -8.386 -2.264 11.0 12.0 175.0 314.0
19 28.198 -29.755 7.0 13.0 352.0 502.0
20 -32.806 -3.845 9.0 8.0 430.0 554.0
21 18.329 -35.468 0.0 0.0 0.0 1000.0
22 -40.198 -12.781 0.0 0.0 0.0 1000.0
23 -46.396 -39.923 0.0 0.0 0.0 1000.0
24 -1.193 2.515 0.0 0.0 0.0 1000.0
25 23.746 -0.522 0.0 0.0 0.0 1000.0
26 -40.488 -35.864 0.0 0.0 0.0 1000.0
