20 6 170
1 -7.953 4.639 24.0 13.0 276.0 368.0
2 -62.195 -21.399 8.0 25.0 227.0 398.0
3 19.025 -10.889 24.0 19.0 226.0 386.0
4 -56.537 -42.334 11.0 4.0 328.0 470.0
5 -2.911 36.2 13.0 17.0 284.0 452.0
6 -6.525 11.975 18.0 2.0 88.0 252.0
7 -48.181 -16.284 8.0 18.0 201.0 344.0
8 -35.834 -23.834 4.0 7.0 245.0 388.0
9 -33.374 -62.024 6.0 1.0 128.0 305.0
10 -58.35 15.814 23.0 15.0 430.0 550.0
11 -40.985 -16.895 2.0 14.0 291.0 444.0
12 -23.669 -15.289 5.0 25.0 477.0 604.0
13 2.301 5.536 23.0 2.0 428.0 579.0
14 37.854 -5.524 15.0 1.0 408.0 585.0
15 25.513 -52.985 15.0 16.0 240.0 410.0
16 11.09 -40.942 17.0 24.0 351.0 529.0
17 41.632 43.048 13.0 17.0 425.0 548.0
18 -19.22 -5.133 12.0 19.0 282.0 410.0
19 37.585 49.768 6.0 23.0 173.0 320.0
20 -27.173 -4.462 15.0 25.0 353.0 489.0
21 -40.488 -35.864 0.0 0.0 0.0 1000.0
22 23.746 -0.522 0.0 0.0 0.0 1000.0
23 18.329 -35.468 0.0 0.0 0.0 1000.0
24 -46.396 -39.923 0.0 0.0 0.0 1000.0
25 -40.198 -12.781 0.0 0.0 0.0 1000.0
26 -1.193 2.515 0.0 0.0 0.0 1000.0
