20 6 170
1 -11.993 -83.771 12.0 15.0 414.0 564.0
2 -1.105 -30.676 24.0 7.0 446.0 589.0
3 -34.973 -27.856 6.0 4.0 445.0 563.0
4 -66.772 -34.943 6.0 7.0 123.0 229.0
5 -16.62 -55.389 20.0 16.0 321.0 414.0
6 -49.261 -41.718 8.0 21.0 81.0 199.0
7 23.151 4.205 7.0 9.0 322.0 426.0
8 12.17 -59.869 1.0 18.0 247.0 366.0
9 -53.943 -29.663 1.0 9.0 194.0 307.0
10 -71.936 -20.16 11.0 15.0 107.0 228.0
11 -32.806 -3.845 9.0 8.0 430.0 554.0
12 -86.102 -59.808 13.0 20.0 390.0 530.0
13 -47.766 -35.59 24.0 20.0 65.0 172.0
14 11.682 -63.336 15.0 16.0 387.0 497.0
15 22.015 -20.349 11.0 9.0 389.0 565.0
16 2.301 5.536 23.0 2.0 428.0 579.0
17 -95.068 44.293 4.0 21.0 209.0 318.0
18 49.249 -30.896 17.0 10.0 386.0 516.0
19 51.904 19.891 5.0 10.0 235.0 414.0
20 -92.731 44.885 25.0 7.0 236.0 346.0
21 -46.396 -39.923 0.0 0.0 0.0 1000.0
22 -1.193 2.515 0.0 0.0 0.0 1000.0
23 23.746 -0.522 0.0 0.0 0.0 1000.0
24 -40.198 -12.781 0.0 0.0 0.0 1000.0
25 -40.488 -35.864 0.0 0.0 0.0 1000.0
26 18.329 -35.468 0.0 0.0 0.0 1000.0
