20 6 170
1 -43.372 -7.379 3.0 7.0 100.0 210.0
2 -26.166 -56.152 14.0 11.0 375.0 501.0
3 -37.982 -6.36 19.0 6.0 151.0 262.0
4 -38.727 -33.588 8.0 12.0 443.0 548.0
5 71.643 -36.981 22.0 24.0 283.0 433.0
6 -92.731 44.885 25.0 7.0 236.0 346.0
7 -34.741 0.58 14.0 10.0 105.0 272.0
8 -50.537 28.357 4.0 24.0 131.0 224.0
9 -2.93 27.039 8.0 12.0 65.0 192.0
10 6.366 -14.264 1.0 11.0 310.0 484.0
11 -30.823 17.902 18.0 13.0 255.0 379.0
12 37.512 0.458 4.0 15.0 137.0 255.0
13 -10.26 -81.769 23.0 4.0 373.0 475.0
14 45.526 -5.127 9.0 25.0 124.0 265.0
15 23.151 4.205 7.0 9.0 322.0 426.0
16 -44.574 -44.055 15.0 24.0 107.0 263.0
17 22.412 -34.375 17.0 10.0 362.0 512.0
18 31.366 -29.462 23.0 10.0 350.0 457.0
19 -55.756 -33.49 7.0 15.0 180.0 275.0
20 -8.649 31.708 14.0 21.0 142.0 239.0
21 -40.198 -12.781 0.0 0.0 0.0 1000.0
22 -40.488 -35.864 0.0 0.0 0.0 1000.0
23 -1.193 2.515 0.0 0.0 0.0 1000.0
24 18.329 -35.468 0.0 0.0 0.0 1000.0
25 23.746 -0.522 0.0 0.0 0.0 1000.0
26 -46.396 -39.923 0.0 0.0 0.0 1000.0
