25 2 180
1 -51.91 -28.711 10.0 17.0 186.0 490.0
2 19.696 10.767 14.0 10.0 207.0 479.0
3 -37.012 6.476 8.0 18.0 180.0 384.0
4 -20.99 -80.511 4.0 13.0 246.0 570.0
5 29.077 63.116 4.0 15.0 186.0 426.0
6 -49.475 -17.578 21.0 7.0 71.0 283.0
7 7.141 24.817 8.0 13.0 73.0 373.0
8 -34.796 -22.205 23.0 20.0 212.0 559.0
9 -8.392 -38.678 13.0 24.0 192.0 394.0
10 69.641 83.057 14.0 13.0 117.0 379.0
11 -17.548 -46.765 5.0 14.0 157.0 340.0
12 -0.415 16.644 3.0 1.0 125.0 448.0
13 -15.045 -40.845 4.0 24.0 299.0 616.0
14 -19.751 -10.278 20.0 8.0 175.0 446.0
15 -46.393 -20.929 11.0 6.0 160.0 413.0
16 -60.199 24.292 2.0 7.0 281.0 559.0
17 48.242 47.284 6.0 17.0 243.0 582.0
18 -5.219 -23.114 6.0 11.0 147.0 353.0
19 -53.394 -14.24 5.0 18.0 109.0 349.0
20 -39.362 -58.521 23.0 15.0 115.0 305.0
21 14.459 -2.972 4.0 14.0 190.0 485.0
22 -2.338 -62.909 16.0 24.0 81.0 304.0
23 -5.133 -18.463 25.0 23.0 217.0 547.0
24 -91.095 -80.737 25.0 4.0 253.0 597.0
25 -52.539 60.107 17.0 17.0 224.0 455.0
26 -15.067 -23.95 0.0 0.0 0.0 1000.0
27 49.725 11.99 0.0 0.0 0.0 1000.0
