25 2 180
1 65.527 14.026 25.0 19.0 224.0 521.0
2 -54.034 -53.131 7.0 13.0 149.0 440.0
3 -44.44 30.09 6.0 4.0 251.0 549.0
4 -36.89 18.372 2.0 3.0 80.0 389.0
5 -39.362 -58.521 23.0 15.0 115.0 305.0
6 19.696 10.767 14.0 10.0 207.0 479.0
7 34.064 -59.357 16.0 16.0 212.0 565.0
8 -1.569 -35.974 18.0 10.0 191.0 487.0
9 -13.794 -27.106 18.0 13.0 163.0 505.0
10 45.374 22.131 15.0 13.0 235.0 469.0
11 -53.656 21.692 10.0 8.0 118.0 389.0
12 81.299 13.409 10.0 24.0 235.0 543.0
13 -43.628 -32.318 24.0 9.0 289.0 566.0
14 -69.824 -50.354 16.0 6.0 65.0 394.0
15 -30.267 14.893 24.0 17.0 80.0 305.0
16 -63.086 -60.114 10.0 19.0 110.0 446.0
17 -36.731 -8.929 20.0 12.0 79.0 411.0
18 60.12 7.788 25.0 1.0 202.0 483.0
19 -15.314 51.709 6.0 24.0 285.0 532.0
20 -64.52 -13.232 10.0 13.0 211.0 395.0
21 -56.256 -5.548 9.0 11.0 172.0 365.0
22 92.847 45.587 8.0 23.0 92.0 321.0
23 -40.308 -7.452 6.0 11.0 207.0 422.0
24 -51.91 -28.711 10.0 17.0 186.0 490.0
25 53.802 36.993 14.0 15.0 112.0 319.0
26 21.133 14.142 0.0 0.0 0.0 1000.0
27 -15.067 -23.95 0.0 0.0 0.0 1000.0
