25 2 180
1 31.744 33.972 23.0 12.0 206.0 536.0
2 -53.656 21.692 10.0 8.0 118.0 389.0
3 -41.711 -5.133 14.0 21.0 97.0 374.0
4 33.655 -0.928 19.0 19.0 270.0 504.0
5 -43.628 -32.318 24.0 9.0 289.0 566.0
6 54.889 12.024 13.0 13.0 200.0 490.0
7 4.865 -69.586 12.0 23.0 67.0 319.0
8 -0.763 41.339 22.0 1.0 295.0 501.0
9 53.802 36.993 14.0 15.0 112.0 319.0
10 -53.394 -14.24 5.0 18.0 109.0 349.0
11 -63.116 -67.462 6.0 19.0 83.0 363.0
12 -13.794 -27.106 18.0 13.0 163.0 505.0
13 -12.225 14.148 19.0 19.0 197.0 482.0
14 -89.966 51.514 1.0 20.0 159.0 430.0
15 -62.036 -21.326 12.0 5.0 161.0 470.0
16 -49.475 -17.578 21.0 7.0 71.0 283.0
17 -65.552 -40.222 13.0 11.0 266.0 573.0
18 2.826 50.824 12.0 11.0 134.0 364.0
19 45.447 -21.069 14.0 8.0 146.0 442.0
20 59.613 13.452 12.0 20.0 146.0 464.0
21 -56.256 -5.548 9.0 11.0 172.0 365.0
22 -46.924 -49.261 14.0 17.0 109.0 448.0
23 10.034 -63.739 7.0 3.0 266.0 463.0
24 11.774 11.133 13.0 6.0 61.0 402.0
25 -44.44 30.09 6.0 4.0 251.0 549.0
26 -29.523 -4.843 0.0 0.0 0.0 1000.0
27 21.133 14.142 0.0 0.0 0.0 1000.0
