25 2 180
1 33.557 28.064 5.0 16.0 123.0 376.0
2 -51.056 -46.545 20.0 9.0 296.0 618.0
3 -47.754 -50.073 4.0 2.0 144.0 327.0
4 -10.724 -2.075 4.0 1.0 151.0 461.0
5 34.906 -4.578 2.0 7.0 83.0 434.0
6 -39.362 -58.521 23.0 15.0 115.0 305.0
7 14.6 11.365 15.0 21.0 91.0 444.0
8 -38.538 -37.396 19.0 15.0 87.0 343.0
9 12.103 23.84 24.0 1.0 243.0 443.0
10 31.744 33.972 23.0 12.0 206.0 536.0
11 71.869 29.034 22.0 25.0 160.0 497.0
12 -36.89 18.372 2.0 3.0 80.0 389.0
13 -39.838 -67.731 4.0 8.0 77.0 385.0
14 35.822 19.763 3.0 9.0 89.0 341.0
15 -32.166 -23.621 24.0 11.0 223.0 454.0
16 37.915 63.599 11.0 11.0 128.0 422.0
17 -61.957 -33.038 7.0 9.0 197.0 550.0
18 -54.034 -53.131 7.0 13.0 149.0 440.0
19 -65.552 -40.222 13.0 11.0 266.0 573.0
20 1.257 29.156 9.0 2.0 225.0 521.0
21 -66.077 -34.686 8.0 6.0 271.0 587.0
22 23.785 12.177 24.0 1.0 125.0 379.0
23 -49.335 -17.969 22.0 20.0 184.0 437.0
24 -56.378 -42.755 13.0 1.0 147.0 471.0
25 33.661 -7.666 10.0 24.0 162.0 488.0
26 -15.067 -23.95 0.0 0.0 0.0 1000.0
27 21.133 14.142 0.0 0.0 0.0 1000.0
