25 2 180
1 8.252 -91.15 17.0 7.0 269.0 507.0
2 -51.056 -46.545 20.0 9.0 296.0 618.0
3 54.962 2.985 15.0 23.0 87.0 317.0
4 -44.44 30.09 6.0 4.0 251.0 549.0
5 18.457 19.733 9.0 16.0 209.0 554.0
6 -49.365 -9.052 2.0 2.0 229.0 458.0
7 47.015 9.338 5.0 18.0 79.0 273.0
8 46.985 17.224 3.0 21.0 90.0 369.0
9 -64.52 -13.232 10.0 13.0 211.0 395.0
10 -53.656 21.692 10.0 8.0 118.0 389.0
11 -36.731 -8.929 20.0 12.0 79.0 411.0
12 29.077 63.116 4.0 15.0 186.0 426.0
13 -21.228 0.751 4.0 4.0 145.0 357.0
14 18.738 21.399 4.0 5.0 99.0 317.0
15 -25.8 25.159 10.0 23.0 81.0 375.0
16 -29.81 -12.408 18.0 12.0 111.0 411.0
17 -63.074 27.38 11.0 25.0 85.0 377.0
18 -69.824 -50.354 16.0 6.0 65.0 394.0
19 -38.226 -9.448 3.0 2.0 273.0 598.0
20 -2.338 -62.909 16.0 24.0 81.0 304.0
21 55.304 6.628 25.0 23.0 198.0 483.0
22 -36.89 18.372 2.0 3.0 80.0 389.0
23 -20.99 -80.511 4.0 13.0 246.0 570.0
24 37.915 63.599 11.0 11.0 128.0 422.0
25 -52.539 60.107 17.0 17.0 224.0 455.0
26 21.133 14.142 0.0 0.0 0.0 1000.0
27 49.725 11.99 0.0 0.0 0.0 1000.0
