25 4 180
1 -24.554 -43.225 5.0 1.0 275.0 523.0
2 3.949 7.3 22.0 23.0 199.0 457.0
3 10.48 22.888 22.0 14.0 262.0 542.0
4 50.104 8.636 6.0 9.0 253.0 611.0
5 34.155 -38.458 1.0 22.0 262.0 480.0
6 -21.063 -41.498 10.0 2.0 117.0 447.0
7 -25.726 -37.695 23.0 7.0 295.0 537.0
8 -0.623 23.114 20.0 6.0 195.0 482.0
9 28.448 10.242 12.0 25.0 132.0 489.0
10 63.043 60.022 23.0 1.0 128.0 372.0
11 52.814 35.046 12.0 16.0 144.0 413.0
12 -2.734 18.774 13.0 18.0 92.0 331.0
13 -37.891 -36.115 3.0 11.0 279.0 468.0
14 -17.291 -10.254 24.0 6.0 295.0 606.0
15 79.199 -29.016 20.0 20.0 288.0 566.0
16 -12.598 -58.929 25.0 13.0 161.0 347.0
17 -15.216 3.284 2.0 20.0 137.0 444.0
18 39.594 -40.46 16.0 5.0 86.0 371.0
19 -16.089 -42.841 10.0 6.0 150.0 344.0
20 32.599 -14.935 4.0 25.0 254.0 559.0
21 70.001 -20.844 7.0 22.0 268.0 587.0
22 6.854 19.073 8.0 11.0 158.0 431.0
23 -5.737 -28.296 24.0 23.0 75.0 351.0
24 -36.639 -34.033 18.0 3.0 154.0 461.0
25 7.55 -21.21 5.0 18.0 78.0 367.0
26 0.269 -8.154 0.0 0.0 0.0 1000.0
27 -3.113 -29.745 0.0 0.0 0.0 1000.0
28 3.14 13.297 0.0 0.0 0.0 1000.0
29 34.43 -17.151 0.0 0.0 0.0 1000.0
