25 4 180
1 60.315 89.801 7.0 9.0 200.0 477.0
2 -16.754 -0.812 22.0 10.0 271.0 520.0
3 -21.039 -3.43 15.0 13.0 106.0 444.0
4 6.067 -16.132 14.0 21.0 269.0 526.0
5 -15.363 -24.548 13.0 25.0 201.0 391.0
6 17.48 27.747 14.0 23.0 247.0 500.0
7 -9.723 4.706 5.0 24.0 240.0 461.0
8 -18.512 65.405 10.0 3.0 232.0 437.0
9 -0.83 -6.525 18.0 15.0 190.0 540.0
10 14.716 -23.724 16.0 14.0 162.0 408.0
11 22.205 -9.216 9.0 23.0 88.0 279.0
12 34.265 -23.895 24.0 25.0 299.0 541.0
13 -28.418 -40.503 5.0 20.0 251.0 503.0
14 87.952 94.012 11.0 15.0 245.0 428.0
15 27.167 -5.713 20.0 18.0 216.0 492.0
16 21.606 -18.109 14.0 24.0 160.0 424.0
17 10.217 75.531 5.0 19.0 267.0 549.0
18 10.852 -18.75 12.0 6.0 154.0 415.0
19 72.003 -9.253 19.0 2.0 263.0 498.0
20 63.416 -8.636 1.0 3.0 226.0 456.0
21 -13.452 -75.531 16.0 14.0 279.0 532.0
22 27.094 -5.103 19.0 25.0 200.0 397.0
23 94.147 -4.492 25.0 9.0 204.0 532.0
24 35.327 -65.167 14.0 19.0 217.0 537.0
25 13.489 19.739 23.0 2.0 189.0 427.0
26 0.269 -8.154 0.0 0.0 0.0 1000.0
27 34.43 -17.151 0.0 0.0 0.0 1000.0
28 -3.113 -29.745 0.0 0.0 0.0 1000.0
29 3.14 13.297 0.0 0.0 0.0 1000.0
