25 4 180
1 -0.83 -6.525 18.0 15.0 190.0 540.0
2 -2.875 0.787 8.0 2.0 223.0 492.0
3 -47.125 -77.85 25.0 16.0 180.0 403.0
4 31.116 -35.907 13.0 16.0 210.0 400.0
5 -8.051 -21.179 6.0 6.0 217.0 525.0
6 -41.168 -42.023 1.0 16.0 122.0 428.0
7 47.968 -30.31 16.0 14.0 215.0 400.0
8 4.803 -7.288 3.0 17.0 290.0 513.0
9 -9.589 -26.88 19.0 20.0 247.0 475.0
10 43.707 -28.033 11.0 17.0 215.0 436.0
11 -55.09 -43.854 2.0 25.0 282.0 535.0
12 -31.519 34.589 6.0 19.0 251.0 560.0
13 -6.25 10.217 23.0 13.0 263.0 578.0
14 -6.47 8.466 10.0 1.0 64.0 250.0
15 39.105 -48.743 16.0 13.0 192.0 487.0
16 53.009 84.9 5.0 16.0 249.0 564.0
17 -2.734 18.774 13.0 18.0 92.0 331.0
18 0.122 -4.645 24.0 18.0 198.0 438.0
19 34.265 -23.895 24.0 25.0 299.0 541.0
20 10.852 -18.75 12.0 6.0 154.0 415.0
21 29.572 -24.561 5.0 13.0 69.0 360.0
22 9.296 -16.254 11.0 2.0 266.0 607.0
23 -15.308 -23.285 16.0 12.0 168.0 383.0
24 -1.233 49.182 5.0 12.0 87.0 364.0
25 -27.93 -23.712 20.0 20.0 175.0 491.0
26 3.14 13.297 0.0 0.0 0.0 1000.0
27 34.43 -17.151 0.0 0.0 0.0 1000.0
28 -3.113 -29.745 0.0 0.0 0.0 1000.0
29 0.269 -8.154 0.0 0.0 0.0 1000.0
