25 4 180
1 -6.25 10.217 23.0 13.0 263.0 578.0
2 14.716 -23.724 16.0 14.0 162.0 408.0
3 16.98 -16.321 12.0 5.0 222.0 518.0
4 16.254 -22.583 17.0 15.0 216.0 536.0
5 12.482 -78.101 3.0 1.0 76.0 312.0
6 49.536 -54.639 25.0 21.0 269.0 461.0
7 21.606 -18.109 14.0 24.0 160.0 424.0
8 -16.754 -0.812 22.0 10.0 271.0 520.0
9 13.885 -36.23 7.0 1.0 195.0 383.0
10 -18.634 -25.665 1.0 16.0 240.0 577.0
11 2.972 -43.689 3.0 21.0 164.0 492.0
12 -59.399 1.514 16.0 15.0 120.0 366.0
13 7.55 -21.21 5.0 18.0 78.0 367.0
14 63.416 -8.636 1.0 3.0 226.0 456.0
15 19.598 -10.406 24.0 13.0 214.0 572.0
16 -21.039 -3.43 15.0 13.0 106.0 444.0
17 52.814 35.046 12.0 16.0 144.0 413.0
18 50.104 8.636 6.0 9.0 253.0 611.0
19 19.366 30.273 3.0 24.0 175.0 432.0
20 23.041 -14.496 16.0 16.0 280.0 538.0
21 -41.168 -42.023 1.0 16.0 122.0 428.0
22 -3.143 -13.837 1.0 20.0 227.0 456.0
23 3.503 -19.708 14.0 5.0 298.0 572.0
24 26.245 36.743 6.0 24.0 216.0 466.0
25 -27.93 -23.712 20.0 20.0 175.0 491.0
26 34.43 -17.151 0.0 0.0 0.0 1000.0
27 3.14 13.297 0.0 0.0 0.0 1000.0
28 -3.113 -29.745 0.0 0.0 0.0 1000.0
29 0.269 -8.154 0.0 0.0 0.0 1000.0
