25 4 180
1 -47.125 -77.85 25.0 16.0 180.0 403.0
2 -24.554 -43.225 5.0 1.0 275.0 523.0
3 43.427 -18.439 10.0 18.0 113.0 431.0
4 12.482 -78.101 3.0 1.0 76.0 312.0
5 17.126 -24.646 5.0 4.0 224.0 517.0
6 3.705 -16.449 24.0 18.0 68.0 362.0
7 6.104 -64.093 14.0 8.0 111.0 308.0
8 -15.845 -59.46 6.0 24.0 222.0 487.0
9 -15.363 -24.548 13.0 25.0 201.0 391.0
10 59.406 -49.261 19.0 19.0 62.0 288.0
11 34.265 -23.895 24.0 25.0 299.0 541.0
12 -37.732 3.351 4.0 1.0 177.0 373.0
13 43.707 -28.033 11.0 17.0 215.0 436.0
14 -4.163 -53.497 8.0 2.0 141.0 329.0
15 -37.891 -36.115 3.0 11.0 279.0 468.0
16 37.775 -16.003 5.0 20.0 281.0 614.0
17 -55.09 -43.854 2.0 25.0 282.0 535.0
18 46.844 4.712 1.0 17.0 60.0 374.0
19 70.001 -20.844 7.0 22.0 268.0 587.0
20 7.55 -21.21 5.0 18.0 78.0 367.0
21 48.914 -20.294 11.0 9.0 192.0 533.0
22 13.885 -36.23 7.0 1.0 195.0 383.0
23 -0.372 -27.264 10.0 1.0 120.0 406.0
24 -3.143 -13.837 1.0 20.0 227.0 456.0
25 -16.089 -42.841 10.0 6.0 150.0 344.0
26 34.43 -17.151 0.0 0.0 0.0 1000.0
27 0.269 -8.154 0.0 0.0 0.0 1000.0
28 3.14 13.297 0.0 0.0 0.0 1000.0
29 -3.113 -29.745 0.0 0.0 0.0 1000.0
