25 6 180
1 -49.603 -76.624 7.0 16.0 125.0 327.0
2 -62.036 -21.326 12.0 5.0 161.0 470.0
3 14.6 11.365 15.0 21.0 91.0 444.0
4 33.655 -0.928 19.0 19.0 270.0 504.0
5 15.021 13.708 4.0 3.0 275.0 618.0
6 -65.552 -40.222 13.0 11.0 266.0 573.0
7 68.616 -19.623 3.0 13.0 236.0 504.0
8 -46.924 -49.261 14.0 17.0 109.0 448.0
9 29.706 15.454 16.0 3.0 63.0 274.0
10 -30.267 14.893 24.0 17.0 80.0 305.0
11 -6.494 -29.425 23.0 19.0 94.0 292.0
12 -37.952 1.685 15.0 18.0 142.0 364.0
13 36.261 26.782 6.0 23.0 135.0 388.0
14 57.501 16.327 17.0 10.0 271.0 576.0
15 47.321 24.414 3.0 16.0 67.0 346.0
16 20.27 -4.999 5.0 21.0 176.0 427.0
17 45.447 -21.069 14.0 8.0 146.0 442.0
18 -15.045 -40.845 4.0 24.0 299.0 616.0
19 41.058 22.931 6.0 12.0 265.0 624.0
20 -13.794 -27.106 18.0 13.0 163.0 505.0
21 -4.803 43.036 20.0 2.0 120.0 446.0
22 41.998 0.153 17.0 2.0 203.0 391.0
23 -34.369 0.61 11.0 11.0 90.0 436.0
24 -53.394 -14.24 5.0 18.0 109.0 349.0
25 -25.8 25.159 10.0 23.0 81.0 375.0
26 49.725 11.99 0.0 0.0 0.0 1000.0
27 -29.523 -4.843 0.0 0.0 0.0 1000.0
28 -41.833 -35.361 0.0 0.0 0.0 1000.0
29 -15.067 -23.95 0.0 0.0 0.0 1000.0
30 38.791 22.443 0.0 0.0 0.0 1000.0
31 21.133 14.142 0.0 0.0 0.0 1000.0
