25 6 180
1 -19.751 -10.278 20.0 8.0 175.0 446.0
2 -10.724 -2.075 4.0 1.0 151.0 461.0
3 57.501 16.327 17.0 10.0 271.0 576.0
4 22.595 -28.357 9.0 5.0 101.0 350.0
5 -36.365 -48.163 5.0 5.0 238.0 526.0
6 -37.012 6.476 8.0 18.0 180.0 384.0
7 49.78 6.866 23.0 11.0 90.0 319.0
8 -14.697 -0.116 5.0 10.0 169.0 505.0
9 -16.602 -29.327 4.0 1.0 148.0 444.0
10 23.877 9.808 11.0 14.0 231.0 558.0
11 -39.838 -67.731 4.0 8.0 77.0 385.0
12 12.103 23.84 24.0 1.0 243.0 443.0
13 -65.552 -40.222 13.0 11.0 266.0 573.0
14 -63.116 -67.462 6.0 19.0 83.0 363.0
15 -49.335 -17.969 22.0 20.0 184.0 437.0
16 41.998 0.153 17.0 2.0 203.0 391.0
17 -56.378 -42.755 13.0 1.0 147.0 471.0
18 39.96 48.297 3.0 10.0 95.0 415.0
19 -54.675 -18.439 6.0 22.0 115.0 335.0
20 41.058 22.931 6.0 12.0 265.0 624.0
21 -37.366 -12.097 15.0 9.0 127.0 379.0
22 -13.995 -45.624 7.0 22.0 297.0 649.0
23 -49.603 -76.624 7.0 16.0 125.0 327.0
24 -66.077 -34.686 8.0 6.0 271.0 587.0
25 31.744 33.972 23.0 12.0 206.0 536.0
26 -15.067 -23.95 0.0 0.0 0.0 1000.0
27 38.791 22.443 0.0 0.0 0.0 1000.0
28 21.133 14.142 0.0 0.0 0.0 1000.0
29 -41.833 -35.361 0.0 0.0 0.0 1000.0
30 49.725 11.99 0.0 0.0 0.0 1000.0
31 -29.523 -4.843 0.0 0.0 0.0 1000.0
