25 6 180
1 -5.219 -23.114 6.0 11.0 147.0 353.0
2 37.915 63.599 11.0 11.0 128.0 422.0
3 41.998 0.153 17.0 2.0 203.0 391.0
4 36.56 -2.441 18.0 21.0 275.0 596.0
5 -64.52 -13.232 10.0 13.0 211.0 395.0
6 -12.225 14.148 19.0 19.0 197.0 482.0
7 -63.074 27.38 11.0 25.0 85.0 377.0
8 -13.794 -27.106 18.0 13.0 163.0 505.0
9 46.985 17.224 3.0 21.0 90.0 369.0
10 -4.803 43.036 20.0 2.0 120.0 446.0
11 -89.966 51.514 1.0 20.0 159.0 430.0
12 -54.675 -18.439 6.0 22.0 115.0 335.0
13 35.144 14.734 22.0 6.0 66.0 415.0
14 -43.17 -30.487 16.0 15.0 297.0 653.0
15 21.594 16.144 9.0 17.0 124.0 348.0
16 36.261 26.782 6.0 23.0 135.0 388.0
17 -14.697 -0.116 5.0 10.0 169.0 505.0
18 1.257 29.156 9.0 2.0 225.0 521.0
19 -53.656 21.692 10.0 8.0 118.0 389.0
20 -39.758 -13.019 3.0 25.0 244.0 436.0
21 -21.088 -13.293 4.0 1.0 136.0 435.0
22 -56.378 -42.755 13.0 1.0 147.0 471.0
23 -1.801 -18.671 3.0 2.0 114.0 442.0
24 -2.338 -62.909 16.0 24.0 81.0 304.0
25 -48.895 -71.1 3.0 21.0 154.0 347.0
26 49.725 11.99 0.0 0.0 0.0 1000.0
27 21.133 14.142 0.0 0.0 0.0 1000.0
28 38.791 22.443 0.0 0.0 0.0 1000.0
29 -15.067 -23.95 0.0 0.0 0.0 1000.0
30 -41.833 -35.361 0.0 0.0 0.0 1000.0
31 -29.523 -4.843 0.0 0.0 0.0 1000.0
