25 6 180
1 35.822 19.763 3.0 9.0 89.0 341.0
2 -41.827 38.995 20.0 10.0 95.0 419.0
3 -39.435 -5.902 22.0 19.0 79.0 295.0
4 7.141 24.817 8.0 13.0 73.0 373.0
5 14.6 11.365 15.0 21.0 91.0 444.0
6 -1.569 -35.974 18.0 10.0 191.0 487.0
7 1.257 29.156 9.0 2.0 225.0 521.0
8 -3.094 21.582 5.0 11.0 228.0 499.0
9 -9.003 -25.452 10.0 2.0 72.0 261.0
10 74.695 19.366 22.0 21.0 65.0 285.0
11 92.847 45.587 8.0 23.0 92.0 321.0
12 33.948 45.209 10.0 22.0 190.0 456.0
13 -52.539 60.107 17.0 17.0 224.0 455.0
14 80.035 5.273 10.0 2.0 139.0 475.0
15 49.78 6.866 23.0 11.0 90.0 319.0
16 -25.592 -10.84 23.0 1.0 232.0 589.0
17 -35.889 -16.034 19.0 13.0 64.0 280.0
18 82.08 27.057 17.0 24.0 207.0 557.0
19 -69.824 -50.354 16.0 6.0 65.0 394.0
20 -43.17 -30.487 16.0 15.0 297.0 653.0
21 48.633 3.021 1.0 3.0 143.0 492.0
22 14.459 -2.972 4.0 14.0 190.0 485.0
23 54.962 2.985 15.0 23.0 87.0 317.0
24 -19.769 8.392 9.0 19.0 94.0 408.0
25 46.747 6.696 13.0 12.0 143.0 361.0
26 -15.067 -23.95 0.0 0.0 0.0 1000.0
27 38.791 22.443 0.0 0.0 0.0 1000.0
28 49.725 11.99 0.0 0.0 0.0 1000.0
29 -29.523 -4.843 0.0 0.0 0.0 1000.0
30 -41.833 -35.361 0.0 0.0 0.0 1000.0
31 21.133 14.142 0.0 0.0 0.0 1000.0
