25 6 180
1 -24.628 -68.701 6.0 8.0 124.0 439.0
2 43.079 42.017 3.0 20.0 98.0 430.0
3 41.058 22.931 6.0 12.0 265.0 624.0
4 -30.267 14.893 24.0 17.0 80.0 305.0
5 -47.754 -50.073 4.0 2.0 144.0 327.0
6 -4.608 -13.806 25.0 2.0 161.0 462.0
7 -36.725 25.494 16.0 5.0 136.0 395.0
8 -49.603 -76.624 7.0 16.0 125.0 327.0
9 -60.199 24.292 2.0 7.0 281.0 559.0
10 29.706 15.454 16.0 3.0 63.0 274.0
11 -64.52 -13.232 10.0 13.0 211.0 395.0
12 -0.763 41.339 22.0 1.0 295.0 501.0
13 -29.81 -12.408 18.0 12.0 111.0 411.0
14 20.27 -4.999 5.0 21.0 176.0 427.0
15 -39.758 -13.019 3.0 25.0 244.0 436.0
16 36.261 26.782 6.0 23.0 135.0 388.0
17 47.321 24.414 3.0 16.0 67.0 346.0
18 -2.93 13.22 23.0 19.0 163.0 482.0
19 -54.034 -53.131 7.0 13.0 149.0 440.0
20 -32.166 -23.621 24.0 11.0 223.0 454.0
21 32.397 -32.532 20.0 24.0 243.0 429.0
22 -21.228 0.751 4.0 4.0 145.0 357.0
23 46.985 17.224 3.0 21.0 90.0 369.0
24 74.274 -19.922 22.0 7.0 72.0 425.0
25 -39.435 -5.902 22.0 19.0 79.0 295.0
26 -29.523 -4.843 0.0 0.0 0.0 1000.0
27 38.791 22.443 0.0 0.0 0.0 1000.0
28 21.133 14.142 0.0 0.0 0.0 1000.0
29 -41.833 -35.361 0.0 0.0 0.0 1000.0
30 -15.067 -23.95 0.0 0.0 0.0 1000.0
31 49.725 11.99 0.0 0.0 0.0 1000.0
