30 2 170
1 18.317 -37.75 11.0 1.0 172.0 514.0
2 11.737 -83.173 7.0 7.0 271.0 477.0
3 -4.645 53.754 1.0 25.0 126.0 450.0
4 -86.102 -59.808 13.0 20.0 108.0 425.0
5 -38.861 42.114 1.0 14.0 106.0 403.0
6 52.966 51.41 24.0 5.0 240.0 493.0
7 81.329 -44.244 15.0 21.0 223.0 574.0
8 -95.068 44.293 4.0 21.0 254.0 450.0
9 -31.268 -34.613 4.0 18.0 113.0 467.0
10 -22.803 5.658 15.0 16.0 212.0 476.0
11 -92.731 44.885 25.0 7.0 75.0 263.0
12 14.984 26.172 16.0 4.0 185.0 431.0
13 -14.722 32.684 7.0 6.0 185.0 380.0
14 41.229 -24.5 1.0 2.0 229.0 572.0
15 -31.128 -93.848 21.0 24.0 174.0 443.0
16 -54.706 -17.596 18.0 2.0 60.0 381.0
17 -29.712 -46.326 6.0 13.0 296.0 479.0
18 45.526 -5.127 9.0 25.0 153.0 364.0
19 3.046 -6.305 1.0 3.0 254.0 463.0
20 1.727 -70.221 10.0 17.0 201.0 386.0
21 -8.649 31.708 14.0 21.0 219.0 413.0
22 -11.603 42.908 9.0 16.0 172.0 437.0
23 25.726 -25.836 7.0 4.0 174.0 392.0
24 -95.892 -86.322 16.0 16.0 137.0 428.0
25 -66.772 -34.943 6.0 7.0 79.0 337.0
26 -44.592 -35.333 24.0 14.0 146.0 340.0
27 28.198 -29.755 7.0 13.0 222.0 422.0
28 36.884 -17.371 9.0 5.0 151.0 490.0
29 -31.604 -60.938 6.0 21.0 298.0 617.0
30 71.643 -36.981 22.0 24.0 114.0 421.0
31 18.329 -35.468 0.0 0.0 0.0 1000.0
32 -1.193 2.515 0.0 0.0 0.0 1000.0
