30 2 170
1 40.576 -54.492 22.0 14.0 114.0 334.0
2 -70.569 -7.037 7.0 15.0 201.0 531.0
3 18.317 -37.75 11.0 1.0 172.0 514.0
4 -31.268 -34.613 4.0 18.0 113.0 467.0
5 -9.283 -6.689 24.0 23.0 219.0 511.0
6 -4.645 53.754 1.0 25.0 126.0 450.0
7 -58.35 15.814 23.0 15.0 240.0 534.0
8 -23.749 -56.012 1.0 17.0 290.0 498.0
9 -14.032 -19.818 18.0 22.0 69.0 346.0
10 47.51 -42.035 23.0 15.0 296.0 599.0
11 -37.366 -28.528 3.0 24.0 272.0 515.0
12 22.015 -20.349 11.0 9.0 70.0 417.0
13 -38.861 42.114 1.0 14.0 106.0 403.0
14 -52.161 -74.725 18.0 23.0 208.0 404.0
15 -64.178 63.812 22.0 11.0 114.0 337.0
16 25.549 -3.796 3.0 1.0 202.0 439.0
17 6.439 -3.516 15.0 21.0 239.0 457.0
18 35.858 5.597 22.0 17.0 263.0 457.0
19 69.684 -51.52 6.0 4.0 156.0 413.0
20 93.378 23.004 2.0 8.0 271.0 542.0
21 29.938 -58.71 21.0 25.0 286.0 574.0
22 -48.621 -12.39 12.0 25.0 91.0 377.0
23 81.329 -44.244 15.0 21.0 223.0 574.0
24 31.097 -7.916 5.0 24.0 199.0 496.0
25 68.219 -66.986 25.0 17.0 61.0 292.0
26 -86.102 -59.808 13.0 20.0 108.0 425.0
27 -99.591 23.303 25.0 3.0 202.0 421.0
28 -52.484 9.711 2.0 1.0 80.0 284.0
29 -28.442 -34.18 6.0 23.0 134.0 356.0
30 -22.449 15.771 19.0 4.0 107.0 335.0
31 -1.193 2.515 0.0 0.0 0.0 1000.0
32 -40.198 -12.781 0.0 0.0 0.0 1000.0
