30 2 170
1 72.125 65.405 21.0 17.0 146.0 360.0
2 -56.714 -39.252 19.0 2.0 240.0 578.0
3 47.339 17.365 14.0 2.0 114.0 325.0
4 -0.647 -46.057 4.0 3.0 283.0 524.0
5 8.508 -2.539 20.0 12.0 185.0 469.0
6 -59.436 36.487 24.0 23.0 163.0 355.0
7 -31.128 -93.848 21.0 24.0 174.0 443.0
8 -31.604 -60.938 6.0 21.0 298.0 617.0
9 -46.997 -55.56 5.0 14.0 111.0 317.0
10 -38.861 42.114 1.0 14.0 106.0 403.0
11 -33.374 -62.024 6.0 1.0 266.0 612.0
12 -61.444 -10.901 14.0 4.0 130.0 415.0
13 -27.173 -4.462 15.0 25.0 173.0 451.0
14 -16.821 17.664 23.0 10.0 95.0 402.0
15 -39.612 -33.594 4.0 18.0 94.0 319.0
16 -37.561 -41.73 5.0 3.0 129.0 447.0
17 -13.129 -53.601 11.0 18.0 118.0 472.0
18 31.366 -29.462 23.0 10.0 176.0 472.0
19 -18.939 57.69 24.0 12.0 187.0 411.0
20 -23.639 -47.681 2.0 21.0 140.0 485.0
21 88.983 -53.387 21.0 22.0 279.0 469.0
22 47.51 -42.035 23.0 15.0 296.0 599.0
23 13.983 -34.521 8.0 16.0 206.0 405.0
24 33.936 -48.718 4.0 1.0 205.0 412.0
25 28.43 10.571 13.0 21.0 78.0 401.0
26 -28.442 -34.18 6.0 23.0 134.0 356.0
27 82.202 85.828 25.0 25.0 115.0 364.0
28 17.23 5.096 14.0 11.0 164.0 355.0
29 -32.806 -3.845 9.0 8.0 104.0 432.0
30 -40.985 -16.895 2.0 14.0 144.0 464.0
31 -46.396 -39.923 0.0 0.0 0.0 1000.0
32 23.746 -0.522 0.0 0.0 0.0 1000.0
