30 2 170
1 -24.072 -55.927 17.0 11.0 233.0 486.0
2 -32.922 23.828 14.0 24.0 279.0 601.0
3 -47.827 -45.203 21.0 1.0 268.0 480.0
4 -64.178 63.812 22.0 11.0 114.0 337.0
5 -42.316 -60.602 9.0 25.0 178.0 360.0
6 23.151 4.205 7.0 9.0 250.0 564.0
7 -8.386 -2.264 11.0 12.0 228.0 517.0
8 22.894 -44.348 20.0 13.0 196.0 555.0
9 -7.599 37.03 19.0 4.0 228.0 549.0
10 -40.582 -53.247 15.0 23.0 280.0 576.0
11 -28.143 -41.614 25.0 3.0 215.0 508.0
12 -71.368 59.863 8.0 4.0 105.0 409.0
13 -67.139 -67.078 13.0 22.0 191.0 426.0
14 51.569 -45.673 16.0 18.0 170.0 457.0
15 -95.068 44.293 4.0 21.0 254.0 450.0
16 -80.408 -60.583 3.0 14.0 105.0 294.0
17 69.073 -97.125 5.0 2.0 122.0 459.0
18 33.203 -52.289 11.0 5.0 276.0 630.0
19 -49.261 -41.718 8.0 21.0 84.0 323.0
20 88.983 -53.387 21.0 22.0 279.0 469.0
21 27.173 -13.33 17.0 22.0 81.0 338.0
22 16.821 -12.72 16.0 8.0 139.0 406.0
23 -36.981 -92.95 18.0 4.0 240.0 461.0
24 6.439 -3.516 15.0 21.0 239.0 457.0
25 -62.195 -21.399 8.0 25.0 281.0 587.0
26 30.054 -36.823 13.0 5.0 204.0 526.0
27 -59.436 36.487 24.0 23.0 163.0 355.0
28 -69.775 -41.406 1.0 4.0 212.0 395.0
29 -92.731 44.885 25.0 7.0 75.0 263.0
30 19.617 17.865 21.0 8.0 105.0 303.0
31 -46.396 -39.923 0.0 0.0 0.0 1000.0
32 -1.193 2.515 0.0 0.0 0.0 1000.0
