30 2 170
1 -56.714 -39.252 19.0 2.0 240.0 578.0
2 -44.952 -77.734 11.0 4.0 95.0 420.0
3 -66.504 -39.789 6.0 19.0 156.0 340.0
4 -14.032 -19.818 18.0 22.0 69.0 346.0
5 -19.659 42.035 20.0 24.0 273.0 613.0
6 -6.818 -19.873 14.0 24.0 93.0 426.0
7 31.512 -8.978 14.0 14.0 255.0 472.0
8 -47.083 -20.386 13.0 20.0 191.0 406.0
9 -2.93 27.039 8.0 12.0 276.0 456.0
10 37.585 49.768 6.0 23.0 94.0 421.0
11 88.983 -53.387 21.0 22.0 279.0 469.0
12 52.655 29.034 13.0 5.0 69.0 374.0
13 27.85 -10.028 8.0 22.0 147.0 429.0
14 -61.444 -10.901 14.0 4.0 130.0 415.0
15 66.852 1.135 13.0 14.0 107.0 289.0
16 -23.56 -32.52 14.0 25.0 117.0 327.0
17 -33.71 8.38 11.0 9.0 218.0 419.0
18 28.198 -29.755 7.0 13.0 222.0 422.0
19 -0.647 -46.057 4.0 3.0 283.0 524.0
20 16.016 11.169 1.0 18.0 97.0 330.0
21 47.339 17.365 14.0 2.0 114.0 325.0
22 60.797 -32.593 11.0 10.0 85.0 396.0
23 -21.863 0.916 3.0 4.0 111.0 413.0
24 -1.227 -28.668 7.0 17.0 252.0 553.0
25 25.189 -21.045 10.0 1.0 159.0 488.0
26 49.249 -30.896 17.0 10.0 248.0 497.0
27 -55.756 -33.49 7.0 15.0 214.0 554.0
28 -31.128 -93.848 21.0 24.0 174.0 443.0
29 -7.776 44.348 14.0 5.0 140.0 434.0
30 22.015 -20.349 11.0 9.0 70.0 417.0
31 -1.193 2.515 0.0 0.0 0.0 1000.0
32 -40.198 -12.781 0.0 0.0 0.0 1000.0
