30 4 175
1 30.707 65.704 19.0 2.0 71.0 213.0
2 -42.059 -26.636 6.0 15.0 87.0 218.0
3 -13.904 29.327 19.0 20.0 381.0 523.0
4 -43.811 -43.036 11.0 14.0 471.0 605.0
5 -78.625 -24.341 22.0 13.0 124.0 223.0
6 -58.704 -2.808 21.0 5.0 476.0 625.0
7 -25.391 0.22 6.0 12.0 109.0 257.0
8 -1.025 50.433 10.0 4.0 76.0 207.0
9 -3.51 6.256 1.0 23.0 441.0 593.0
10 58.575 29.346 16.0 23.0 281.0 438.0
11 -59.851 -48.938 1.0 15.0 341.0 472.0
12 45.038 10.785 12.0 16.0 318.0 493.0
13 -39.136 6.287 12.0 10.0 193.0 367.0
14 2.948 -20.398 5.0 6.0 314.0 405.0
15 -14.233 -74.988 4.0 14.0 446.0 573.0
16 0.525 69.611 5.0 1.0 141.0 306.0
17 15.869 8.716 2.0 24.0 391.0 565.0
18 5.182 6.403 12.0 8.0 131.0 305.0
19 5.048 -37.323 18.0 9.0 421.0 564.0
20 11.047 -20.905 15.0 21.0 60.0 232.0
21 13.348 31.372 12.0 17.0 247.0 426.0
22 -41.37 -1.495 7.0 22.0 125.0 254.0
23 -29.907 14.38 20.0 23.0 229.0 340.0
24 -10.095 26.257 24.0 2.0 235.0 407.0
25 -9.357 -42.212 16.0 9.0 460.0 613.0
26 22.406 26.532 25.0 11.0 95.0 258.0
27 -1.215 5.591 2.0 20.0 116.0 291.0
28 29.272 -6.494 11.0 1.0 67.0 198.0
29 53.491 -3.308 7.0 19.0 366.0 523.0
30 -12.054 -20.612 10.0 22.0 454.0 571.0
31 3.69 -26.099 0.0 0.0 0.0 1000.0
32 2.277 7.84 0.0 0.0 0.0 1000.0
33 32.883 -1.779 0.0 0.0 0.0 1000.0
34 -49.554 -17.828 0.0 0.0 0.0 1000.0
