30 4 175
1 60.699 81.116 6.0 21.0 244.0 348.0
2 -65.674 -0.238 7.0 22.0 335.0 465.0
3 -82.654 24.323 3.0 5.0 429.0 569.0
4 44.171 -11.224 21.0 9.0 322.0 501.0
5 -64.948 -10.956 14.0 19.0 102.0 270.0
6 -10.095 26.257 24.0 2.0 235.0 407.0
7 34.515 3.967 25.0 7.0 108.0 274.0
8 1.788 -32.544 19.0 6.0 426.0 569.0
9 -41.37 -1.495 7.0 22.0 125.0 254.0
10 -6.622 15.216 15.0 4.0 269.0 441.0
11 3.522 26.941 23.0 3.0 67.0 245.0
12 -56.793 -15.918 16.0 6.0 169.0 287.0
13 40.277 -1.379 17.0 6.0 382.0 536.0
14 62.653 20.667 9.0 6.0 230.0 341.0
15 -75.513 -0.708 2.0 23.0 433.0 561.0
16 70.081 -17.816 23.0 22.0 301.0 397.0
17 -41.528 -37.097 11.0 4.0 341.0 481.0
18 49.561 16.827 19.0 10.0 147.0 254.0
19 45.038 10.785 12.0 16.0 318.0 493.0
20 -57.336 -16.718 10.0 15.0 230.0 362.0
21 4.169 -32.617 22.0 25.0 112.0 290.0
22 10.278 -23.95 21.0 25.0 324.0 473.0
23 26.306 11.975 5.0 13.0 275.0 374.0
24 49.316 11.395 5.0 7.0 456.0 602.0
25 -4.272 35.468 15.0 12.0 159.0 324.0
26 28.918 -7.117 2.0 1.0 324.0 477.0
27 -14.233 -74.988 4.0 14.0 446.0 573.0
28 47.693 36.108 18.0 1.0 479.0 631.0
29 92.157 -94.183 5.0 17.0 326.0 421.0
30 11.859 -34.973 19.0 3.0 179.0 270.0
31 3.69 -26.099 0.0 0.0 0.0 1000.0
32 32.883 -1.779 0.0 0.0 0.0 1000.0
33 -49.554 -17.828 0.0 0.0 0.0 1000.0
34 2.277 7.84 0.0 0.0 0.0 1000.0
