30 4 175
1 -25.989 -15.814 14.0 12.0 389.0 513.0
2 3.741 -35.461 9.0 12.0 274.0 433.0
3 34.021 12.665 7.0 10.0 141.0 317.0
4 3.595 -21.6 14.0 13.0 431.0 574.0
5 39.612 -1.55 15.0 4.0 78.0 235.0
6 47.693 36.108 18.0 1.0 479.0 631.0
7 1.978 17.517 20.0 9.0 424.0 541.0
8 -2.643 -20.831 4.0 17.0 368.0 491.0
9 -69.348 -14.734 25.0 19.0 267.0 409.0
10 -63.416 -20.282 5.0 5.0 106.0 254.0
11 -6.927 1.855 13.0 8.0 306.0 411.0
12 -26.746 -21.49 22.0 11.0 429.0 586.0
13 34.515 3.967 25.0 7.0 108.0 274.0
14 -56.793 -15.918 16.0 6.0 169.0 287.0
15 29.486 79.944 2.0 2.0 388.0 482.0
16 -17.322 97.26 9.0 23.0 411.0 501.0
17 -16.486 30.92 19.0 13.0 252.0 356.0
18 -7.812 -35.895 10.0 16.0 238.0 349.0
19 -39.63 25.385 16.0 15.0 368.0 503.0
20 -14.569 26.056 10.0 19.0 89.0 260.0
21 -70.953 -3.217 10.0 2.0 68.0 200.0
22 -33.6 -26.74 5.0 1.0 365.0 530.0
23 -24.359 -23.047 8.0 6.0 443.0 561.0
24 41.18 7.971 4.0 9.0 368.0 532.0
25 60.699 81.116 6.0 21.0 244.0 348.0
26 -24.487 5.273 11.0 9.0 216.0 370.0
27 -6.628 29.889 15.0 24.0 256.0 368.0
28 28.772 -0.031 18.0 19.0 422.0 573.0
29 -37.714 -7.306 22.0 18.0 453.0 562.0
30 -55.231 -15.027 7.0 25.0 187.0 308.0
31 -49.554 -17.828 0.0 0.0 0.0 1000.0
32 2.277 7.84 0.0 0.0 0.0 1000.0
33 32.883 -1.779 0.0 0.0 0.0 1000.0
34 3.69 -26.099 0.0 0.0 0.0 1000.0
