30 4 175
1 0.647 -8.496 9.0 12.0 328.0 473.0
2 -24.359 -23.047 8.0 6.0 443.0 561.0
3 -2.997 -0.549 25.0 10.0 244.0 419.0
4 -69.348 -14.734 25.0 19.0 267.0 409.0
5 37.158 -0.836 19.0 17.0 477.0 603.0
6 -35.187 19.226 8.0 2.0 122.0 212.0
7 37.891 -1.947 10.0 15.0 356.0 535.0
8 95.197 24.231 14.0 11.0 414.0 549.0
9 -10.095 26.257 24.0 2.0 235.0 407.0
10 65.253 -59.631 4.0 15.0 180.0 304.0
11 40.167 8.594 4.0 16.0 223.0 380.0
12 2.887 10.822 24.0 20.0 440.0 588.0
13 -59.851 -48.938 1.0 15.0 341.0 472.0
14 -13.22 -26.031 13.0 4.0 352.0 467.0
15 -11.34 -17.621 20.0 11.0 399.0 498.0
16 52.417 -28.363 1.0 16.0 64.0 192.0
17 -57.336 -16.718 10.0 15.0 230.0 362.0
18 7.275 -4.144 17.0 25.0 349.0 525.0
19 -36.035 -17.065 14.0 4.0 292.0 465.0
20 55.145 -33.911 25.0 3.0 306.0 441.0
21 92.157 -94.183 5.0 17.0 326.0 421.0
22 -3.345 -22.955 18.0 2.0 281.0 416.0
23 -98.535 -39.532 2.0 19.0 390.0 561.0
24 -2.875 -42.841 23.0 13.0 351.0 468.0
25 -17.322 97.26 9.0 23.0 411.0 501.0
26 77.777 -25.397 9.0 16.0 217.0 367.0
27 38.312 54.376 10.0 12.0 413.0 534.0
28 1.788 -32.544 19.0 6.0 426.0 569.0
29 38.434 -5.353 11.0 14.0 443.0 534.0
30 23.535 5.896 22.0 10.0 261.0 409.0
31 32.883 -1.779 0.0 0.0 0.0 1000.0
32 -49.554 -17.828 0.0 0.0 0.0 1000.0
33 3.69 -26.099 0.0 0.0 0.0 1000.0
34 2.277 7.84 0.0 0.0 0.0 1000.0
