30 4 175
1 -41.37 -1.495 7.0 22.0 125.0 254.0
2 -83.423 -20.935 25.0 4.0 313.0 464.0
3 68.03 -12.482 14.0 4.0 111.0 237.0
4 37.891 -1.947 10.0 15.0 356.0 535.0
5 95.197 24.231 14.0 11.0 414.0 549.0
6 -20.093 -43.982 19.0 9.0 400.0 569.0
7 17.56 13.214 17.0 8.0 325.0 486.0
8 -53.168 5.206 10.0 21.0 317.0 460.0
9 -28.351 -23.914 15.0 24.0 409.0 535.0
10 0.647 -8.496 9.0 12.0 328.0 473.0
11 1.575 -16.364 19.0 2.0 471.0 629.0
12 30.255 -72.43 7.0 3.0 140.0 277.0
13 11.859 -34.973 19.0 3.0 179.0 270.0
14 44.171 -11.224 21.0 9.0 322.0 501.0
15 -22.333 -20.538 23.0 14.0 146.0 240.0
16 -41.528 -37.097 11.0 4.0 341.0 481.0
17 -4.559 23.566 7.0 24.0 340.0 504.0
18 62.653 20.667 9.0 6.0 230.0 341.0
19 -63.861 26.147 15.0 11.0 244.0 411.0
20 51.471 -9.607 21.0 14.0 62.0 240.0
21 -1.031 -14.838 22.0 10.0 371.0 472.0
22 36.92 -4.987 21.0 21.0 419.0 531.0
23 -8.661 -25.11 4.0 12.0 425.0 593.0
24 -78.748 -44.226 18.0 15.0 449.0 558.0
25 77.777 -25.397 9.0 16.0 217.0 367.0
26 -34.143 -37.915 8.0 22.0 389.0 547.0
27 -1.855 -24.475 8.0 5.0 386.0 535.0
28 13.348 31.372 12.0 17.0 247.0 426.0
29 -1.276 -13.33 7.0 16.0 101.0 209.0
30 6.024 -31.018 16.0 4.0 258.0 351.0
31 32.883 -1.779 0.0 0.0 0.0 1000.0
32 3.69 -26.099 0.0 0.0 0.0 1000.0
33 2.277 7.84 0.0 0.0 0.0 1000.0
34 -49.554 -17.828 0.0 0.0 0.0 1000.0
