30 6 170
1 13.452 -32.159 5.0 24.0 188.0 407.0
2 -2.911 36.2 13.0 17.0 144.0 339.0
3 60.297 52.637 18.0 12.0 266.0 528.0
4 11.09 -40.942 17.0 24.0 98.0 351.0
5 41.229 -24.5 1.0 2.0 229.0 572.0
6 -71.936 -20.16 11.0 15.0 101.0 435.0
7 -52.484 9.711 2.0 1.0 80.0 284.0
8 -34.973 -27.856 6.0 4.0 217.0 474.0
9 -32.135 -45.068 9.0 5.0 118.0 403.0
10 -31.604 -60.938 6.0 21.0 298.0 617.0
11 -11.603 42.908 9.0 16.0 172.0 437.0
12 77.008 -6.097 16.0 24.0 178.0 466.0
13 -43.372 -7.379 3.0 7.0 194.0 447.0
14 56.262 1.819 24.0 7.0 183.0 538.0
15 -14.52 48.962 17.0 24.0 266.0 529.0
16 67.316 -39.734 14.0 18.0 223.0 403.0
17 18.213 1.373 7.0 21.0 213.0 516.0
18 33.203 -52.289 11.0 5.0 276.0 630.0
19 13.409 -22.302 10.0 23.0 278.0 611.0
20 11.737 -83.173 7.0 7.0 271.0 477.0
21 71.643 -36.981 22.0 24.0 114.0 421.0
22 -0.647 -46.057 4.0 3.0 283.0 524.0
23 -9.283 -6.689 24.0 23.0 219.0 511.0
24 47.339 17.365 14.0 2.0 114.0 325.0
25 6.866 -1.416 3.0 23.0 160.0 372.0
26 -17.01 -21.857 21.0 23.0 161.0 401.0
27 25.385 22.986 14.0 21.0 64.0 321.0
28 -35.834 -23.834 4.0 7.0 284.0 558.0
29 30.054 -36.823 13.0 5.0 204.0 526.0
30 35.834 13.147 2.0 2.0 206.0 425.0
31 -40.198 -12.781 0.0 0.0 0.0 1000.0
32 -1.193 2.515 0.0 0.0 0.0 1000.0
33 23.746 -0.522 0.0 0.0 0.0 1000.0
34 -40.488 -35.864 0.0 0.0 0.0 1000.0
35 18.329 -35.468 0.0 0.0 0.0 1000.0
36 -46.396 -39.923 0.0 0.0 0.0 1000.0
