30 6 170
1 -4.706 14.056 19.0 18.0 75.0 317.0
2 28.43 10.571 13.0 21.0 78.0 401.0
3 31.097 -7.916 5.0 24.0 199.0 496.0
4 18.317 -37.75 11.0 1.0 172.0 514.0
5 37.512 0.458 4.0 15.0 102.0 399.0
6 -28.143 -41.614 25.0 3.0 215.0 508.0
7 39.215 -29.773 21.0 24.0 194.0 420.0
8 -5.048 7.306 24.0 7.0 277.0 498.0
9 -47.083 -20.386 13.0 20.0 191.0 406.0
10 14.587 48.444 14.0 9.0 90.0 443.0
11 16.089 -27.887 19.0 3.0 222.0 482.0
12 57.947 -48.779 10.0 8.0 229.0 449.0
13 36.176 -10.431 17.0 21.0 225.0 480.0
14 -12.878 -2.039 15.0 25.0 155.0 430.0
15 -22.449 15.771 19.0 4.0 107.0 335.0
16 22.412 -34.375 17.0 10.0 264.0 482.0
17 52.655 29.034 13.0 5.0 69.0 374.0
18 -31.128 -93.848 21.0 24.0 174.0 443.0
19 41.229 -24.5 1.0 2.0 229.0 572.0
20 68.219 -66.986 25.0 17.0 61.0 292.0
21 -24.677 16.608 9.0 14.0 296.0 552.0
22 -8.386 -2.264 11.0 12.0 228.0 517.0
23 19.025 -10.889 24.0 19.0 72.0 388.0
24 -14.032 -19.818 18.0 22.0 69.0 346.0
25 77.008 -6.097 16.0 24.0 178.0 466.0
26 -41.119 -13.361 10.0 13.0 98.0 406.0
27 -95.892 -86.322 16.0 16.0 137.0 428.0
28 -0.647 -46.057 4.0 3.0 283.0 524.0
29 1.361 -3.564 20.0 20.0 149.0 417.0
30 56.262 1.819 24.0 7.0 183.0 538.0
31 -46.396 -39.923 0.0 0.0 0.0 1000.0
32 -1.193 2.515 0.0 0.0 0.0 1000.0
33 -40.488 -35.864 0.0 0.0 0.0 1000.0
34 18.329 -35.468 0.0 0.0 0.0 1000.0
35 23.746 -0.522 0.0 0.0 0.0 1000.0
36 -40.198 -12.781 0.0 0.0 0.0 1000.0
