30 6 170
1 -52.429 -84.088 20.0 23.0 189.0 489.0
2 -35.834 -23.834 4.0 7.0 284.0 558.0
3 49.658 24.469 16.0 6.0 282.0 556.0
4 -78.015 1.27 19.0 11.0 253.0 567.0
5 -52.161 -74.725 18.0 23.0 208.0 404.0
6 -57.751 -27.753 3.0 9.0 253.0 502.0
7 49.249 -30.896 17.0 10.0 248.0 497.0
8 -0.647 -46.057 4.0 3.0 283.0 524.0
9 72.125 65.405 21.0 17.0 146.0 360.0
10 60.797 -32.593 11.0 10.0 85.0 396.0
11 -99.591 23.303 25.0 3.0 202.0 421.0
12 67.316 -39.734 14.0 18.0 223.0 403.0
13 40.918 -36.09 6.0 10.0 189.0 521.0
14 -17.01 -21.857 21.0 23.0 161.0 401.0
15 -98.242 61.658 22.0 5.0 120.0 392.0
16 -54.706 -17.596 18.0 2.0 60.0 381.0
17 -30.988 7.654 7.0 11.0 296.0 480.0
18 16.425 33.221 18.0 12.0 162.0 342.0
19 -43.89 13.007 24.0 10.0 79.0 362.0
20 13.409 -22.302 10.0 23.0 278.0 611.0
21 82.202 85.828 25.0 25.0 115.0 364.0
22 18.121 0.482 13.0 19.0 259.0 515.0
23 -50.537 28.357 4.0 24.0 263.0 474.0
24 -37.366 -28.528 3.0 24.0 272.0 515.0
25 69.684 -51.52 6.0 4.0 156.0 413.0
26 -11.993 -83.771 12.0 15.0 265.0 494.0
27 -22.449 15.771 19.0 4.0 107.0 335.0
28 22.98 -18.109 7.0 17.0 148.0 463.0
29 -62.036 -43.439 21.0 18.0 90.0 443.0
30 -51.904 9.412 18.0 6.0 297.0 592.0
31 23.746 -0.522 0.0 0.0 0.0 1000.0
32 -46.396 -39.923 0.0 0.0 0.0 1000.0
33 -40.488 -35.864 0.0 0.0 0.0 1000.0
34 18.329 -35.468 0.0 0.0 0.0 1000.0
35 -1.193 2.515 0.0 0.0 0.0 1000.0
36 -40.198 -12.781 0.0 0.0 0.0 1000.0
