30 6 170
1 -34.277 -1.41 18.0 17.0 225.0 558.0
2 -59.436 36.487 24.0 23.0 163.0 355.0
3 12.805 1.886 15.0 10.0 120.0 382.0
4 6.366 -14.264 1.0 11.0 80.0 346.0
5 -0.647 -46.057 4.0 3.0 283.0 524.0
6 2.344 -16.516 2.0 22.0 76.0 386.0
7 40.576 -54.492 22.0 14.0 114.0 334.0
8 -15.149 -25.482 11.0 19.0 187.0 383.0
9 -17.01 -21.857 21.0 23.0 161.0 401.0
10 -2.93 27.039 8.0 12.0 276.0 456.0
11 -57.751 -27.753 3.0 9.0 253.0 502.0
12 20.801 10.76 3.0 13.0 274.0 583.0
13 37.854 -5.524 15.0 1.0 224.0 508.0
14 18.121 0.482 13.0 19.0 259.0 515.0
15 1.361 -3.564 20.0 20.0 149.0 417.0
16 66.852 1.135 13.0 14.0 107.0 289.0
17 23.01 -45.703 19.0 13.0 158.0 383.0
18 14.984 26.172 16.0 4.0 185.0 431.0
19 -71.936 -20.16 11.0 15.0 101.0 435.0
20 25.513 -52.985 15.0 16.0 158.0 375.0
21 0.549 3.644 18.0 17.0 185.0 478.0
22 22.412 -34.375 17.0 10.0 264.0 482.0
23 -71.368 59.863 8.0 4.0 105.0 409.0
24 52.655 29.034 13.0 5.0 69.0 374.0
25 -23.639 -47.681 2.0 21.0 140.0 485.0
26 3.436 -52.734 19.0 5.0 156.0 483.0
27 4.388 -38.489 16.0 3.0 239.0 545.0
28 -6.818 -19.873 14.0 24.0 93.0 426.0
29 -20.343 -11.182 11.0 11.0 172.0 514.0
30 -24.048 -47.192 1.0 21.0 182.0 402.0
31 -46.396 -39.923 0.0 0.0 0.0 1000.0
32 -40.488 -35.864 0.0 0.0 0.0 1000.0
33 23.746 -0.522 0.0 0.0 0.0 1000.0
34 -40.198 -12.781 0.0 0.0 0.0 1000.0
35 -1.193 2.515 0.0 0.0 0.0 1000.0
36 18.329 -35.468 0.0 0.0 0.0 1000.0
