30 6 170
1 31.293 -39.905 20.0 4.0 265.0 521.0
2 29.523 18.347 19.0 23.0 290.0 612.0
3 -54.706 -17.596 18.0 2.0 60.0 381.0
4 25.189 -21.045 10.0 1.0 159.0 488.0
5 -46.997 -55.56 5.0 14.0 111.0 317.0
6 -28.662 -50.94 16.0 12.0 291.0 583.0
7 -29.712 -46.326 6.0 13.0 296.0 479.0
8 23.633 27.643 19.0 15.0 159.0 370.0
9 -95.068 44.293 4.0 21.0 254.0 450.0
10 28.43 10.571 13.0 21.0 78.0 401.0
11 -38.861 42.114 1.0 14.0 106.0 403.0
12 45.526 -5.127 9.0 25.0 153.0 364.0
13 -37.366 -28.528 3.0 24.0 272.0 515.0
14 -21.863 0.916 3.0 4.0 111.0 413.0
15 68.219 -66.986 25.0 17.0 61.0 292.0
16 27.814 6.512 1.0 13.0 193.0 393.0
17 57.947 -48.779 10.0 8.0 229.0 449.0
18 6.366 -14.264 1.0 11.0 80.0 346.0
19 -10.651 54.431 16.0 21.0 137.0 318.0
20 7.745 -75.378 17.0 11.0 160.0 355.0
21 -31.604 -60.938 6.0 21.0 298.0 617.0
22 20.856 -26.465 7.0 17.0 204.0 560.0
23 69.684 -51.52 6.0 4.0 156.0 413.0
24 -6.421 21.967 21.0 21.0 244.0 592.0
25 -32.135 -45.068 9.0 5.0 118.0 403.0
26 27.173 -13.33 17.0 22.0 81.0 338.0
27 -10.114 69.977 20.0 22.0 288.0 515.0
28 -39.612 -33.594 4.0 18.0 94.0 319.0
29 -69.775 -41.406 1.0 4.0 212.0 395.0
30 -44.592 -35.333 24.0 14.0 146.0 340.0
31 -46.396 -39.923 0.0 0.0 0.0 1000.0
32 -40.198 -12.781 0.0 0.0 0.0 1000.0
33 -1.193 2.515 0.0 0.0 0.0 1000.0
34 23.746 -0.522 0.0 0.0 0.0 1000.0
35 18.329 -35.468 0.0 0.0 0.0 1000.0
36 -40.488 -35.864 0.0 0.0 0.0 1000.0
