10 4 180 2
1 -40.503 8.038 8.0 7.0 341.0 470.0
2 46.747 6.696 13.0 12.0 160.0 336.0
3 23.785 12.177 24.0 1.0 231.0 340.0
4 -34.369 0.61 11.0 11.0 463.0 594.0
5 15.021 13.708 4.0 3.0 310.0 483.0
6 -51.056 -46.545 20.0 9.0 67.0 161.0
7 -0.415 16.644 3.0 1.0 235.0 342.0
8 -48.895 -71.1 3.0 21.0 75.0 187.0
9 -64.52 -13.232 10.0 13.0 275.0 430.0
10 14.459 -2.972 4.0 14.0 267.0 413.0
11 21.133 14.142 0.0 0.0 0.0 1000.0
12 38.791 22.443 0.0 0.0 0.0 1000.0
13 -15.067 -23.95 0.0 0.0 0.0 1000.0
14 -29.523 -4.843 0.0 0.0 0.0 1000.0
