10 4 180 1
1 14.459 -2.972 4.0 14.0 267.0 413.0
2 32.397 -32.532 20.0 24.0 427.0 561.0
3 -17.56 -10.48 19.0 14.0 263.0 423.0
4 -52.539 60.107 17.0 17.0 141.0 319.0
5 -2.338 -62.909 16.0 24.0 144.0 259.0
6 -6.494 -29.425 23.0 19.0 383.0 484.0
7 10.034 -63.739 7.0 3.0 474.0 586.0
8 -40.503 8.038 8.0 7.0 341.0 470.0
9 -34.796 -22.205 23.0 20.0 284.0 438.0
10 -43.628 -32.318 24.0 9.0 456.0 631.0
11 -15.067 -23.95 0.0 0.0 0.0 1000.0
12 38.791 22.443 0.0 0.0 0.0 1000.0
13 -29.523 -4.843 0.0 0.0 0.0 1000.0
14 49.725 11.99 0.0 0.0 0.0 1000.0
