10 4 180 5
1 80.695 32.983 20.0 15.0 404.0 551.0
2 79.48 -24.866 24.0 24.0 333.0 431.0
3 -35.889 -16.034 19.0 13.0 62.0 206.0
4 -63.074 27.38 11.0 25.0 452.0 587.0
5 -21.228 0.751 4.0 4.0 92.0 192.0
6 -13.995 -45.624 7.0 22.0 276.0 440.0
7 48.242 47.284 6.0 17.0 370.0 538.0
8 -91.815 29.858 15.0 23.0 342.0 455.0
9 29.077 63.116 4.0 15.0 138.0 278.0
10 -51.056 -46.545 20.0 9.0 67.0 161.0
11 -15.067 -23.95 0.0 0.0 0.0 1000.0
12 -41.833 -35.361 0.0 0.0 0.0 1000.0
13 49.725 11.99 0.0 0.0 0.0 1000.0
14 21.133 14.142 0.0 0.0 0.0 1000.0
