10 4 180 3
1 -22.961 -21.729 16.0 4.0 224.0 349.0
2 73.26 10.669 4.0 25.0 93.0 202.0
3 -49.475 -17.578 21.0 7.0 120.0 276.0
4 -4.608 -13.806 25.0 2.0 241.0 358.0
5 -30.157 38.776 1.0 5.0 235.0 357.0
6 -56.378 -42.755 13.0 1.0 405.0 510.0
7 29.706 15.454 16.0 3.0 122.0 291.0
8 -18.768 -23.663 24.0 16.0 215.0 326.0
9 -73.999 -54.626 7.0 18.0 172.0 287.0
10 -61.963 26.239 4.0 10.0 316.0 422.0
11 38.791 22.443 0.0 0.0 0.0 1000.0
12 49.725 11.99 0.0 0.0 0.0 1000.0
13 -15.067 -23.95 0.0 0.0 0.0 1000.0
14 -29.523 -4.843 0.0 0.0 0.0 1000.0
