10 4 180 4
1 54.041 -5.292 3.0 15.0 444.0 570.0
2 -30.267 14.893 24.0 17.0 80.0 173.0
3 20.27 -4.999 5.0 21.0 462.0 606.0
4 -61.963 26.239 4.0 10.0 316.0 422.0
5 -37.366 -12.097 15.0 9.0 388.0 532.0
6 -49.365 -9.052 2.0 2.0 256.0 373.0
7 -91.815 29.858 15.0 23.0 342.0 455.0
8 71.814 26.501 12.0 17.0 143.0 253.0
9 54.962 2.985 15.0 23.0 353.0 449.0
10 -69.824 -50.354 16.0 6.0 366.0 467.0
11 38.791 22.443 0.0 0.0 0.0 1000.0
12 -41.833 -35.361 0.0 0.0 0.0 1000.0
13 -15.067 -23.95 0.0 0.0 0.0 1000.0
14 21.133 14.142 0.0 0.0 0.0 1000.0
