10 6 180 2
1 -5.219 -23.114 6.0 11.0 268.0 425.0
2 27.93 29.321 3.0 21.0 227.0 370.0
3 -53.021 -21.484 1.0 4.0 401.0 514.0
4 33.74 66.595 25.0 13.0 399.0 506.0
5 14.459 -2.972 4.0 14.0 267.0 413.0
6 81.299 13.409 10.0 24.0 374.0 499.0
7 80.035 5.273 10.0 2.0 351.0 521.0
8 34.906 -4.578 2.0 7.0 261.0 374.0
9 45.374 22.131 15.0 13.0 475.0 582.0
10 -32.166 -23.621 24.0 11.0 462.0 587.0
11 21.133 14.142 0.0 0.0 0.0 1000.0
12 -41.833 -35.361 0.0 0.0 0.0 1000.0
13 -15.067 -23.95 0.0 0.0 0.0 1000.0
14 49.725 11.99 0.0 0.0 0.0 1000.0
15 -29.523 -4.843 0.0 0.0 0.0 1000.0
16 38.791 22.443 0.0 0.0 0.0 1000.0
