10 6 180 4
1 48.059 29.517 21.0 23.0 476.0 597.0
2 -15.314 51.709 6.0 24.0 108.0 257.0
3 54.889 12.024 13.0 13.0 140.0 289.0
4 48.468 -66.04 20.0 21.0 426.0 554.0
5 -38.538 -37.396 19.0 15.0 409.0 542.0
6 -13.995 -45.624 7.0 22.0 276.0 440.0
7 14.6 11.365 15.0 21.0 369.0 484.0
8 33.661 -7.666 10.0 24.0 251.0 426.0
9 -73.999 -54.626 7.0 18.0 172.0 287.0
10 -73.621 -9.552 6.0 19.0 108.0 283.0
11 -29.523 -4.843 0.0 0.0 0.0 1000.0
12 -41.833 -35.361 0.0 0.0 0.0 1000.0
13 -15.067 -23.95 0.0 0.0 0.0 1000.0
14 38.791 22.443 0.0 0.0 0.0 1000.0
15 21.133 14.142 0.0 0.0 0.0 1000.0
16 49.725 11.99 0.0 0.0 0.0 1000.0
