10 6 180 1
1 23.785 12.177 24.0 1.0 231.0 340.0
2 -0.763 41.339 22.0 1.0 313.0 416.0
3 -39.838 -67.731 4.0 8.0 261.0 400.0
4 -65.552 -40.222 13.0 11.0 460.0 626.0
5 -26.794 12.506 9.0 5.0 230.0 405.0
6 33.557 28.064 5.0 16.0 175.0 326.0
7 -39.362 -58.521 23.0 15.0 235.0 340.0
8 8.252 -91.15 17.0 7.0 424.0 515.0
9 -49.365 -9.052 2.0 2.0 256.0 373.0
10 7.141 24.817 8.0 13.0 275.0 404.0
11 38.791 22.443 0.0 0.0 0.0 1000.0
12 49.725 11.99 0.0 0.0 0.0 1000.0
13 -15.067 -23.95 0.0 0.0 0.0 1000.0
14 21.133 14.142 0.0 0.0 0.0 1000.0
15 -41.833 -35.361 0.0 0.0 0.0 1000.0
16 -29.523 -4.843 0.0 0.0 0.0 1000.0
