10 6 180 5
1 -66.077 -34.686 8.0 6.0 425.0 571.0
2 12.103 23.84 24.0 1.0 139.0 235.0
3 20.917 -52.582 17.0 8.0 342.0 488.0
4 33.948 45.209 10.0 22.0 125.0 215.0
5 47.919 13.629 15.0 16.0 368.0 516.0
6 -38.538 -37.396 19.0 15.0 409.0 542.0
7 46.747 6.696 13.0 12.0 160.0 336.0
8 41.058 22.931 6.0 12.0 264.0 412.0
9 42.578 45.325 15.0 2.0 183.0 291.0
10 7.141 24.817 8.0 13.0 275.0 404.0
11 49.725 11.99 0.0 0.0 0.0 1000.0
12 -41.833 -35.361 0.0 0.0 0.0 1000.0
13 38.791 22.443 0.0 0.0 0.0 1000.0
14 21.133 14.142 0.0 0.0 0.0 1000.0
15 -15.067 -23.95 0.0 0.0 0.0 1000.0
16 -29.523 -4.843 0.0 0.0 0.0 1000.0
