10 6 180 3
1 -34.796 -22.205 23.0 20.0 284.0 438.0
2 21.594 16.144 9.0 17.0 345.0 436.0
3 18.842 -38.019 10.0 14.0 110.0 211.0
4 -39.758 -13.019 3.0 25.0 322.0 466.0
5 -4.608 -13.806 25.0 2.0 241.0 358.0
6 60.12 7.788 25.0 1.0 141.0 241.0
7 68.616 -19.623 3.0 13.0 203.0 305.0
8 -49.475 -17.578 21.0 7.0 120.0 276.0
9 3.192 -88.654 18.0 19.0 254.0 431.0
10 23.785 12.177 24.0 1.0 231.0 340.0
11 21.133 14.142 0.0 0.0 0.0 1000.0
12 -15.067 -23.95 0.0 0.0 0.0 1000.0
13 38.791 22.443 0.0 0.0 0.0 1000.0
14 -41.833 -35.361 0.0 0.0 0.0 1000.0
15 49.725 11.99 0.0 0.0 0.0 1000.0
16 -29.523 -4.843 0.0 0.0 0.0 1000.0
