15 2 170 5
1 -66.504 -39.789 6.0 19.0 82.0 203.0
2 19.025 -10.889 24.0 19.0 226.0 386.0
3 27.435 17.554 11.0 25.0 209.0 380.0
4 77.008 -6.097 16.0 24.0 353.0 459.0
5 -3.76 59.875 4.0 4.0 130.0 224.0
6 1.099 -14.624 14.0 18.0 476.0 572.0
7 -37.561 -41.73 5.0 3.0 395.0 527.0
8 -44.592 -35.333 24.0 14.0 397.0 567.0
9 9.351 -39.044 9.0 22.0 467.0 646.0
10 -52.161 -74.725 18.0 23.0 377.0 547.0
11 -58.35 15.814 23.0 15.0 430.0 550.0
12 81.329 -44.244 15.0 21.0 329.0 480.0
13 25.726 -25.836 7.0 4.0 316.0 492.0
14 11.682 -63.336 15.0 16.0 387.0 497.0
15 51.672 -26.343 9.0 10.0 376.0 484.0
16 -1.193 2.515 0.0 0.0 0.0 1000.0
17 -40.488 -35.864 0.0 0.0 0.0 1000.0
