15 2 170 3
1 29.315 54.468 4.0 22.0 195.0 371.0
2 -20.203 -59.564 23.0 14.0 272.0 415.0
3 -11.993 -83.771 12.0 15.0 414.0 564.0
4 -32.922 23.828 14.0 24.0 333.0 482.0
5 -1.227 -28.668 7.0 17.0 93.0 253.0
6 35.834 13.147 2.0 2.0 280.0 418.0
7 -87.079 -52.899 14.0 10.0 263.0 370.0
8 -6.421 21.967 21.0 21.0 264.0 432.0
9 18.213 1.373 7.0 21.0 136.0 290.0
10 93.378 23.004 2.0 8.0 331.0 457.0
11 22.894 -44.348 20.0 13.0 289.0 431.0
12 17.23 5.096 14.0 11.0 393.0 565.0
13 7.037 -45.337 22.0 18.0 399.0 547.0
14 -20.343 -11.182 11.0 11.0 333.0 447.0
15 -56.537 -42.334 11.0 4.0 328.0 470.0
16 -40.198 -12.781 0.0 0.0 0.0 1000.0
17 -40.488 -35.864 0.0 0.0 0.0 1000.0
