15 2 170 2
1 -30.328 -0.58 14.0 18.0 170.0 299.0
2 41.632 43.048 13.0 17.0 425.0 548.0
3 -9.283 -6.689 24.0 23.0 172.0 285.0
4 -2.93 27.039 8.0 12.0 65.0 192.0
5 18.317 -37.75 11.0 1.0 451.0 614.0
6 -33.551 -25.586 3.0 14.0 353.0 444.0
7 -37.982 -6.36 19.0 6.0 151.0 262.0
8 47.51 -42.035 23.0 15.0 262.0 435.0
9 31.952 -25.421 23.0 21.0 176.0 327.0
10 52.655 29.034 13.0 5.0 303.0 409.0
11 -43.372 -7.379 3.0 7.0 100.0 210.0
12 -3.339 -36.243 6.0 3.0 150.0 272.0
13 82.202 85.828 25.0 25.0 281.0 380.0
14 2.344 -16.516 2.0 22.0 392.0 537.0
15 -4.645 53.754 1.0 25.0 214.0 379.0
16 -1.193 2.515 0.0 0.0 0.0 1000.0
17 -40.198 -12.781 0.0 0.0 0.0 1000.0
