15 2 170 1
1 27.435 17.554 11.0 25.0 209.0 380.0
2 -14.722 32.684 7.0 6.0 202.0 298.0
3 -29.712 -46.326 6.0 13.0 204.0 298.0
4 11.09 -40.942 17.0 24.0 351.0 529.0
5 8.508 -2.539 20.0 12.0 100.0 204.0
6 34.29 26.031 11.0 23.0 347.0 447.0
7 -10.651 54.431 16.0 21.0 113.0 264.0
8 -14.032 -19.818 18.0 22.0 324.0 433.0
9 -22.345 -78.278 21.0 15.0 398.0 531.0
10 -87.079 -52.899 14.0 10.0 263.0 370.0
11 33.936 -48.718 4.0 1.0 93.0 193.0
12 -2.911 36.2 13.0 17.0 284.0 452.0
13 42.151 -25.58 19.0 25.0 228.0 365.0
14 -16.479 48.657 3.0 6.0 287.0 452.0
15 19.617 17.865 21.0 8.0 362.0 506.0
16 18.329 -35.468 0.0 0.0 0.0 1000.0
17 -40.488 -35.864 0.0 0.0 0.0 1000.0
