15 2 170 4
1 57.947 -48.779 10.0 8.0 208.0 382.0
2 47.04 -41.254 24.0 15.0 263.0 428.0
3 -3.668 -26.868 21.0 21.0 419.0 564.0
4 -55.756 -33.49 7.0 15.0 180.0 275.0
5 -32.806 -3.845 9.0 8.0 430.0 554.0
6 -24.072 -55.927 17.0 11.0 400.0 548.0
7 17.23 5.096 14.0 11.0 393.0 565.0
8 -14.032 -19.818 18.0 22.0 324.0 433.0
9 -10.114 69.977 20.0 22.0 461.0 584.0
10 71.643 -36.981 22.0 24.0 283.0 433.0
11 -4.803 21.674 15.0 1.0 459.0 572.0
12 -8.649 31.708 14.0 21.0 142.0 239.0
13 0.549 3.644 18.0 17.0 368.0 514.0
14 62.006 -1.453 25.0 4.0 163.0 265.0
15 22.894 -44.348 20.0 13.0 289.0 431.0
16 -1.193 2.515 0.0 0.0 0.0 1000.0
17 18.329 -35.468 0.0 0.0 0.0 1000.0
