15 4 170 5
1 -33.551 -25.586 3.0 14.0 353.0 444.0
2 -2.93 27.039 8.0 12.0 65.0 192.0
3 18.121 0.482 13.0 19.0 74.0 212.0
4 -14.722 32.684 7.0 6.0 202.0 298.0
5 -34.741 0.58 14.0 10.0 105.0 272.0
6 -42.621 -50.006 18.0 21.0 140.0 317.0
7 69.073 -97.125 5.0 2.0 200.0 290.0
8 60.797 -32.593 11.0 10.0 369.0 493.0
9 25.385 22.986 14.0 21.0 145.0 319.0
10 -55.756 -33.49 7.0 15.0 180.0 275.0
11 -62.036 -43.439 21.0 18.0 78.0 168.0
12 12.805 1.886 15.0 10.0 241.0 338.0
13 -64.178 63.812 22.0 11.0 383.0 557.0
14 -96.924 8.411 25.0 25.0 102.0 251.0
15 -31.128 -93.848 21.0 24.0 117.0 272.0
16 -40.488 -35.864 0.0 0.0 0.0 1000.0
17 -40.198 -12.781 0.0 0.0 0.0 1000.0
18 -46.396 -39.923 0.0 0.0 0.0 1000.0
19 23.746 -0.522 0.0 0.0 0.0 1000.0
