15 4 170 1
1 36.176 -10.431 17.0 21.0 328.0 433.0
2 -59.436 36.487 24.0 23.0 108.0 259.0
3 28.198 -29.755 7.0 13.0 352.0 502.0
4 -95.068 44.293 4.0 21.0 209.0 318.0
5 -58.35 15.814 23.0 15.0 430.0 550.0
6 43.915 -2.985 13.0 23.0 140.0 289.0
7 27.85 -10.028 8.0 22.0 467.0 641.0
8 19.135 41.15 1.0 2.0 87.0 241.0
9 -34.54 -39.502 6.0 13.0 348.0 521.0
10 16.425 33.221 18.0 12.0 454.0 556.0
11 -37.982 -6.36 19.0 6.0 151.0 262.0
12 -83.954 2.179 4.0 2.0 323.0 469.0
13 37.561 11.45 18.0 21.0 390.0 495.0
14 -32.922 23.828 14.0 24.0 333.0 482.0
15 35.858 5.597 22.0 17.0 132.0 301.0
16 18.329 -35.468 0.0 0.0 0.0 1000.0
17 -1.193 2.515 0.0 0.0 0.0 1000.0
18 -40.198 -12.781 0.0 0.0 0.0 1000.0
19 23.746 -0.522 0.0 0.0 0.0 1000.0
