15 4 170 4
1 -59.277 39.667 20.0 15.0 246.0 347.0
2 -54.706 -17.596 18.0 2.0 378.0 552.0
3 -46.997 -55.56 5.0 14.0 80.0 231.0
4 29.315 54.468 4.0 22.0 195.0 371.0
5 -80.408 -60.583 3.0 14.0 331.0 458.0
6 -7.953 4.639 24.0 13.0 276.0 368.0
7 -99.591 23.303 25.0 3.0 90.0 226.0
8 6.366 -14.264 1.0 11.0 310.0 484.0
9 36.884 -17.371 9.0 5.0 354.0 527.0
10 1.66 -2.234 6.0 1.0 473.0 563.0
11 -66.772 -34.943 6.0 7.0 123.0 229.0
12 -19.22 -5.133 12.0 19.0 282.0 410.0
13 -71.936 -20.16 11.0 15.0 107.0 228.0
14 -34.741 0.58 14.0 10.0 105.0 272.0
15 -37.561 -41.73 5.0 3.0 395.0 527.0
16 18.329 -35.468 0.0 0.0 0.0 1000.0
17 -40.488 -35.864 0.0 0.0 0.0 1000.0
18 -1.193 2.515 0.0 0.0 0.0 1000.0
19 -40.198 -12.781 0.0 0.0 0.0 1000.0
