15 4 170 3
1 -64.178 63.812 22.0 11.0 383.0 557.0
2 37.561 11.45 18.0 21.0 390.0 495.0
3 -40.851 -47.742 23.0 8.0 311.0 455.0
4 -33.551 -25.586 3.0 14.0 353.0 444.0
5 37.585 49.768 6.0 23.0 173.0 320.0
6 -29.712 -46.326 6.0 13.0 204.0 298.0
7 -22.345 -78.278 21.0 15.0 398.0 531.0
8 51.672 -26.343 9.0 10.0 376.0 484.0
9 -26.166 -56.152 14.0 11.0 375.0 501.0
10 37.512 0.458 4.0 15.0 137.0 255.0
11 -6.818 -19.873 14.0 24.0 431.0 592.0
12 -14.722 32.684 7.0 6.0 202.0 298.0
13 -62.195 -21.399 8.0 25.0 227.0 398.0
14 -27.173 -4.462 15.0 25.0 353.0 489.0
15 -95.892 -86.322 16.0 16.0 410.0 569.0
16 -1.193 2.515 0.0 0.0 0.0 1000.0
17 -46.396 -39.923 0.0 0.0 0.0 1000.0
18 23.746 -0.522 0.0 0.0 0.0 1000.0
19 -40.198 -12.781 0.0 0.0 0.0 1000.0
