15 4 170 2
1 3.046 -6.305 1.0 3.0 258.0 434.0
2 -24.072 -55.927 17.0 11.0 400.0 548.0
3 -62.036 -43.439 21.0 18.0 78.0 168.0
4 9.351 -39.044 9.0 22.0 467.0 646.0
5 37.512 0.458 4.0 15.0 137.0 255.0
6 -39.874 -53.375 22.0 2.0 280.0 371.0
7 -30.823 17.902 18.0 13.0 255.0 379.0
8 -22.449 15.771 19.0 4.0 172.0 287.0
9 -19.061 -56.921 11.0 4.0 156.0 264.0
10 -17.01 -21.857 21.0 23.0 179.0 298.0
11 -46.997 -55.56 5.0 14.0 80.0 231.0
12 -52.374 -50.244 16.0 13.0 194.0 307.0
13 -59.436 36.487 24.0 23.0 108.0 259.0
14 66.852 1.135 13.0 14.0 128.0 259.0
15 -87.079 -52.899 14.0 10.0 263.0 370.0
16 -1.193 2.515 0.0 0.0 0.0 1000.0
17 23.746 -0.522 0.0 0.0 0.0 1000.0
18 -46.396 -39.923 0.0 0.0 0.0 1000.0
19 -40.488 -35.864 0.0 0.0 0.0 1000.0
