15 6 170 4
1 60.797 -32.593 11.0 10.0 369.0 493.0
2 -52.161 -74.725 18.0 23.0 377.0 547.0
3 49.658 24.469 16.0 6.0 156.0 261.0
4 -52.374 -50.244 16.0 13.0 194.0 307.0
5 -38.861 42.114 1.0 14.0 133.0 300.0
6 14.984 26.172 16.0 4.0 446.0 583.0
7 60.297 52.637 18.0 12.0 112.0 255.0
8 -22.803 5.658 15.0 16.0 127.0 247.0
9 -40.851 -47.742 23.0 8.0 311.0 455.0
10 36.176 -10.431 17.0 21.0 328.0 433.0
11 -43.89 13.007 24.0 10.0 212.0 373.0
12 -35.834 -23.834 4.0 7.0 245.0 388.0
13 -19.659 42.035 20.0 24.0 183.0 337.0
14 -16.821 17.664 23.0 10.0 145.0 324.0
15 -39.874 -53.375 22.0 2.0 280.0 371.0
16 18.329 -35.468 0.0 0.0 0.0 1000.0
17 23.746 -0.522 0.0 0.0 0.0 1000.0
18 -40.198 -12.781 0.0 0.0 0.0 1000.0
19 -46.396 -39.923 0.0 0.0 0.0 1000.0
20 -40.488 -35.864 0.0 0.0 0.0 1000.0
21 -1.193 2.515 0.0 0.0 0.0 1000.0
