15 6 170 2
1 49.249 -30.896 17.0 10.0 386.0 516.0
2 -30.328 -0.58 14.0 18.0 170.0 299.0
3 23.633 27.643 19.0 15.0 209.0 366.0
4 -15.521 16.425 8.0 18.0 72.0 238.0
5 35.834 13.147 2.0 2.0 280.0 418.0
6 18.213 1.373 7.0 21.0 136.0 290.0
7 -3.668 -26.868 21.0 21.0 419.0 564.0
8 -39.874 -53.375 22.0 2.0 280.0 371.0
9 -5.048 7.306 24.0 7.0 408.0 562.0
10 -66.504 -39.789 6.0 19.0 82.0 203.0
11 -23.749 -56.012 1.0 17.0 112.0 222.0
12 -47.827 -45.203 21.0 1.0 330.0 494.0
13 -43.011 -38.702 6.0 13.0 137.0 311.0
14 47.339 17.365 14.0 2.0 240.0 338.0
15 91.858 5.542 19.0 9.0 282.0 402.0
16 -40.198 -12.781 0.0 0.0 0.0 1000.0
17 -46.396 -39.923 0.0 0.0 0.0 1000.0
18 -40.488 -35.864 0.0 0.0 0.0 1000.0
19 18.329 -35.468 0.0 0.0 0.0 1000.0
20 -1.193 2.515 0.0 0.0 0.0 1000.0
21 23.746 -0.522 0.0 0.0 0.0 1000.0
