15 6 170 3
1 -71.368 59.863 8.0 4.0 137.0 243.0
2 -34.662 -15.466 20.0 8.0 134.0 280.0
3 11.682 -63.336 15.0 16.0 387.0 497.0
4 29.938 -58.71 21.0 25.0 63.0 208.0
5 6.512 -46.124 9.0 13.0 423.0 554.0
6 -23.669 -15.289 5.0 25.0 477.0 604.0
7 18.213 1.373 7.0 21.0 136.0 290.0
8 -54.81 -1.935 2.0 13.0 344.0 502.0
9 -31.268 -34.613 4.0 18.0 94.0 237.0
10 -33.374 -62.024 6.0 1.0 128.0 305.0
11 -37.366 -28.528 3.0 24.0 373.0 465.0
12 -40.582 -53.247 15.0 23.0 377.0 536.0
13 23.01 -45.703 19.0 13.0 291.0 412.0
14 -78.015 1.27 19.0 11.0 319.0 467.0
15 -43.372 -7.379 3.0 7.0 100.0 210.0
16 23.746 -0.522 0.0 0.0 0.0 1000.0
17 -40.198 -12.781 0.0 0.0 0.0 1000.0
18 -1.193 2.515 0.0 0.0 0.0 1000.0
19 18.329 -35.468 0.0 0.0 0.0 1000.0
20 -40.488 -35.864 0.0 0.0 0.0 1000.0
21 -46.396 -39.923 0.0 0.0 0.0 1000.0
