15 6 170 5
1 30.054 -36.823 13.0 5.0 131.0 232.0
2 13.983 -34.521 8.0 16.0 190.0 330.0
3 11.865 5.261 2.0 1.0 118.0 224.0
4 -44.574 -44.055 15.0 24.0 107.0 263.0
5 -6.525 11.975 18.0 2.0 88.0 252.0
6 -8.649 31.708 14.0 21.0 142.0 239.0
7 -23.749 -56.012 1.0 17.0 112.0 222.0
8 31.097 -7.916 5.0 24.0 299.0 394.0
9 9.65 39.508 8.0 25.0 336.0 452.0
10 18.213 1.373 7.0 21.0 136.0 290.0
11 -7.953 4.639 24.0 13.0 276.0 368.0
12 7.037 -45.337 22.0 18.0 399.0 547.0
13 91.858 5.542 19.0 9.0 282.0 402.0
14 -53.943 -29.663 1.0 9.0 194.0 307.0
15 -1.105 -30.676 24.0 7.0 446.0 589.0
16 -1.193 2.515 0.0 0.0 0.0 1000.0
17 23.746 -0.522 0.0 0.0 0.0 1000.0
18 -40.488 -35.864 0.0 0.0 0.0 1000.0
19 -40.198 -12.781 0.0 0.0 0.0 1000.0
20 -46.396 -39.923 0.0 0.0 0.0 1000.0
21 18.329 -35.468 0.0 0.0 0.0 1000.0
