15 6 170 1
1 1.099 -14.624 14.0 18.0 476.0 572.0
2 -40.985 -16.895 2.0 14.0 291.0 444.0
3 -47.766 -35.59 24.0 20.0 65.0 172.0
4 27.173 -13.33 17.0 22.0 323.0 487.0
5 31.293 -39.905 20.0 4.0 473.0 631.0
6 -10.651 54.431 16.0 21.0 113.0 264.0
7 -51.483 -23.248 17.0 21.0 61.0 233.0
8 14.984 26.172 16.0 4.0 446.0 583.0
9 -40.851 -47.742 23.0 8.0 311.0 455.0
10 -55.048 -32.538 7.0 11.0 180.0 273.0
11 -3.339 -36.243 6.0 3.0 150.0 272.0
12 -30.328 -0.58 14.0 18.0 170.0 299.0
13 -95.892 -86.322 16.0 16.0 410.0 569.0
14 -35.834 -23.834 4.0 7.0 245.0 388.0
15 -30.823 17.902 18.0 13.0 255.0 379.0
16 18.329 -35.468 0.0 0.0 0.0 1000.0
17 -40.198 -12.781 0.0 0.0 0.0 1000.0
18 23.746 -0.522 0.0 0.0 0.0 1000.0
19 -40.488 -35.864 0.0 0.0 0.0 1000.0
20 -1.193 2.515 0.0 0.0 0.0 1000.0
21 -46.396 -39.923 0.0 0.0 0.0 1000.0
