20 2 190 4
1 8.936 -3.723 21.0 24.0 211.0 414.0
2 5.06 -14.349 23.0 8.0 218.0 450.0
3 -51.16 34.967 18.0 12.0 299.0 578.0
4 -42.474 -15.009 2.0 17.0 285.0 530.0
5 -44.019 -39.935 24.0 16.0 203.0 448.0
6 45.844 -36.835 10.0 6.0 153.0 354.0
7 39.27 12.787 4.0 14.0 222.0 519.0
8 -44.629 -61.975 21.0 11.0 230.0 527.0
9 -91.669 77.722 17.0 23.0 286.0 523.0
10 7.178 57.935 15.0 8.0 71.0 323.0
11 -34.674 -1.337 9.0 21.0 289.0 555.0
12 -33.008 10.992 20.0 19.0 89.0 311.0
13 -50.995 19.781 12.0 12.0 243.0 438.0
14 -24.194 -38.263 21.0 19.0 138.0 396.0
15 -15.662 17.462 21.0 16.0 215.0 524.0
16 -3.296 36.774 4.0 15.0 141.0 341.0
17 -33.624 50.33 22.0 23.0 165.0 520.0
18 -18.707 84.296 6.0 15.0 124.0 438.0
19 -37.158 -30.768 22.0 23.0 148.0 448.0
20 -73.505 -48.279 24.0 4.0 173.0 360.0
21 14.233 21.173 0.0 0.0 0.0 1000.0
22 10.065 1.822 0.0 0.0 0.0 1000.0
