20 2 190 5
1 -76.465 -38.922 23.0 20.0 186.0 431.0
2 -33.087 72.266 14.0 12.0 122.0 449.0
3 -6.317 56.665 11.0 6.0 269.0 456.0
4 73.663 32.941 24.0 24.0 66.0 271.0
5 4.095 -19.354 13.0 7.0 163.0 356.0
6 -86.975 10.345 16.0 8.0 268.0 597.0
7 28.894 33.936 11.0 3.0 224.0 547.0
8 -3.296 36.774 4.0 15.0 141.0 341.0
9 -2.618 22.131 20.0 18.0 271.0 629.0
10 -24.194 -38.263 21.0 19.0 138.0 396.0
11 -60.956 -47.925 7.0 3.0 275.0 535.0
12 -91.669 77.722 17.0 23.0 286.0 523.0
13 -47.522 19.873 12.0 2.0 251.0 463.0
14 5.231 26.068 15.0 24.0 114.0 418.0
15 -25.653 -0.372 2.0 12.0 229.0 568.0
16 -61.084 -44.769 4.0 20.0 82.0 385.0
17 13.538 -21.313 15.0 9.0 174.0 425.0
18 -3.052 70.898 17.0 9.0 108.0 372.0
19 -40.997 -43.036 25.0 15.0 209.0 391.0
20 4.712 48.669 15.0 13.0 174.0 414.0
21 10.065 1.822 0.0 0.0 0.0 1000.0
22 -21.054 4.144 0.0 0.0 0.0 1000.0
