20 2 190 2
1 23.822 10.571 16.0 8.0 193.0 535.0
2 -86.975 10.345 16.0 8.0 268.0 597.0
3 -33.624 50.33 22.0 23.0 165.0 520.0
4 44.092 12.433 24.0 18.0 226.0 566.0
5 -20.374 -31.903 11.0 24.0 195.0 375.0
6 -18.719 73.126 14.0 2.0 280.0 505.0
7 51.154 -16.827 22.0 4.0 102.0 338.0
8 15.686 52.374 5.0 1.0 152.0 340.0
9 -41.266 -76.886 17.0 2.0 246.0 497.0
10 4.095 -19.354 13.0 7.0 163.0 356.0
11 4.205 30.292 7.0 15.0 180.0 376.0
12 -19.226 32.77 9.0 19.0 75.0 434.0
13 -76.465 -38.922 23.0 20.0 186.0 431.0
14 66.827 -30.554 1.0 15.0 163.0 389.0
15 50.128 -66.046 3.0 12.0 92.0 447.0
16 -14.636 -0.446 3.0 8.0 100.0 426.0
17 -46.606 -39.948 25.0 21.0 174.0 523.0
18 -34.674 -1.337 9.0 21.0 289.0 555.0
19 -42.017 53.986 20.0 22.0 88.0 360.0
20 -19.214 23.749 24.0 12.0 62.0 269.0
21 -21.054 4.144 0.0 0.0 0.0 1000.0
22 -49.115 -43.549 0.0 0.0 0.0 1000.0
