20 2 190 3
1 -74.286 -52.307 5.0 6.0 265.0 502.0
2 -3.052 70.898 17.0 9.0 108.0 372.0
3 -30.255 74.701 10.0 11.0 198.0 533.0
4 -67.627 -20.679 19.0 21.0 154.0 456.0
5 -42.474 -15.009 2.0 17.0 285.0 530.0
6 -42.017 53.986 20.0 22.0 88.0 360.0
7 25.647 24.139 6.0 18.0 245.0 601.0
8 -15.662 17.462 21.0 16.0 215.0 524.0
9 -23.071 -12.659 12.0 25.0 136.0 465.0
10 -35.388 -5.341 12.0 16.0 127.0 338.0
11 -85.486 -54.059 16.0 17.0 155.0 487.0
12 -44.019 -39.935 24.0 16.0 203.0 448.0
13 4.712 48.669 15.0 13.0 174.0 414.0
14 -51.746 -79.84 10.0 24.0 130.0 428.0
15 -19.226 32.77 9.0 19.0 75.0 434.0
16 -6.317 56.665 11.0 6.0 269.0 456.0
17 -14.636 -0.446 3.0 8.0 100.0 426.0
18 -86.975 10.345 16.0 8.0 268.0 597.0
19 -24.176 -72.894 8.0 19.0 188.0 433.0
20 44.092 12.433 24.0 18.0 226.0 566.0
21 14.233 21.173 0.0 0.0 0.0 1000.0
22 -23.334 -28.397 0.0 0.0 0.0 1000.0
