20 2 190 1
1 -47.272 -46.326 23.0 22.0 205.0 527.0
2 -70.184 -39.166 13.0 18.0 99.0 413.0
3 -22.772 -50.867 22.0 5.0 288.0 602.0
4 -34.674 -1.337 9.0 21.0 289.0 555.0
5 9.29 39.618 14.0 24.0 229.0 417.0
6 -46.643 -52.954 21.0 21.0 228.0 558.0
7 -3.296 36.774 4.0 15.0 141.0 341.0
8 4.205 30.292 7.0 15.0 180.0 376.0
9 -61.084 -44.769 4.0 20.0 82.0 385.0
10 -15.662 17.462 21.0 16.0 215.0 524.0
11 -61.365 -18.463 6.0 23.0 192.0 547.0
12 50.128 -66.046 3.0 12.0 92.0 447.0
13 -42.017 53.986 20.0 22.0 88.0 360.0
14 -51.746 -79.84 10.0 24.0 130.0 428.0
15 -22.131 -17.065 11.0 5.0 290.0 546.0
16 4.712 48.669 15.0 13.0 174.0 414.0
17 -18.719 73.126 14.0 2.0 280.0 505.0
18 -71.619 73.077 3.0 9.0 277.0 628.0
19 -19.061 4.48 12.0 25.0 63.0 265.0
20 -42.474 -15.009 2.0 17.0 285.0 530.0
21 10.065 1.822 0.0 0.0 0.0 1000.0
22 14.233 21.173 0.0 0.0 0.0 1000.0
