20 4 190 4
1 -37.378 12.256 7.0 20.0 67.0 347.0
2 -46.368 -1.514 23.0 10.0 194.0 382.0
3 -9.576 -19.366 1.0 24.0 61.0 262.0
4 -85.486 -54.059 16.0 17.0 155.0 487.0
5 -3.296 36.774 4.0 15.0 141.0 341.0
6 9.29 39.618 14.0 24.0 229.0 417.0
7 -86.975 10.345 16.0 8.0 268.0 597.0
8 -3.589 -27.734 19.0 21.0 135.0 475.0
9 4.205 30.292 7.0 15.0 180.0 376.0
10 5.231 26.068 15.0 24.0 114.0 418.0
11 72.095 20.233 1.0 6.0 123.0 469.0
12 82.794 25.836 4.0 9.0 64.0 353.0
13 -25.598 -18.866 15.0 25.0 170.0 414.0
14 44.666 20.953 2.0 14.0 82.0 364.0
15 -56.659 25.555 13.0 19.0 229.0 423.0
16 2.35 -81.805 18.0 14.0 159.0 370.0
17 -19.214 23.749 24.0 12.0 62.0 269.0
18 -17.609 -71.851 9.0 25.0 226.0 428.0
19 -21.869 -18.768 2.0 6.0 269.0 514.0
20 -33.008 10.992 20.0 19.0 89.0 311.0
21 -23.334 -28.397 0.0 0.0 0.0 1000.0
22 -49.115 -43.549 0.0 0.0 0.0 1000.0
23 -21.054 4.144 0.0 0.0 0.0 1000.0
24 -3.799 44.29 0.0 0.0 0.0 1000.0
