20 4 190 5
1 -42.474 -15.009 2.0 17.0 285.0 530.0
2 -33.087 72.266 14.0 12.0 122.0 449.0
3 -47.272 -46.326 23.0 22.0 205.0 527.0
4 8.936 -3.723 21.0 24.0 211.0 414.0
5 -76.465 -38.922 23.0 20.0 186.0 431.0
6 -41.266 -76.886 17.0 2.0 246.0 497.0
7 35.15 12.622 21.0 10.0 155.0 370.0
8 2.551 46.851 10.0 22.0 295.0 543.0
9 5.231 26.068 15.0 24.0 114.0 418.0
10 22.131 -50.012 21.0 12.0 287.0 470.0
11 -47.522 19.873 12.0 2.0 251.0 463.0
12 -44.019 -39.935 24.0 16.0 203.0 448.0
13 -30.243 67.102 4.0 14.0 175.0 363.0
14 -37.256 -44.861 8.0 13.0 145.0 412.0
15 -64.709 -17.389 3.0 10.0 208.0 482.0
16 7.178 57.935 15.0 8.0 71.0 323.0
17 22.4 -60.083 2.0 17.0 165.0 436.0
18 72.095 20.233 1.0 6.0 123.0 469.0
19 -46.643 -52.954 21.0 21.0 228.0 558.0
20 -13.19 66.498 2.0 13.0 154.0 335.0
21 -3.799 44.29 0.0 0.0 0.0 1000.0
22 10.065 1.822 0.0 0.0 0.0 1000.0
23 -21.054 4.144 0.0 0.0 0.0 1000.0
24 14.233 21.173 0.0 0.0 0.0 1000.0
