20 4 190 2
1 -42.017 53.986 20.0 22.0 88.0 360.0
2 -57.385 -45.264 7.0 20.0 204.0 406.0
3 19.757 21.228 3.0 17.0 228.0 578.0
4 -24.261 35.907 22.0 1.0 159.0 475.0
5 -44.019 -39.935 24.0 16.0 203.0 448.0
6 -46.643 -52.954 21.0 21.0 228.0 558.0
7 -3.052 70.898 17.0 9.0 108.0 372.0
8 -33.624 50.33 22.0 23.0 165.0 520.0
9 -2.972 -4.059 8.0 14.0 168.0 391.0
10 4.205 30.292 7.0 15.0 180.0 376.0
11 -3.296 36.774 4.0 15.0 141.0 341.0
12 -86.975 10.345 16.0 8.0 268.0 597.0
13 -48.431 -50.317 4.0 13.0 246.0 582.0
14 -19.501 13.519 19.0 14.0 63.0 389.0
15 -5.64 -26.721 6.0 22.0 94.0 300.0
16 22.131 -50.012 21.0 12.0 287.0 470.0
17 -85.486 -54.059 16.0 17.0 155.0 487.0
18 -9.07 42.798 17.0 3.0 176.0 495.0
19 73.663 32.941 24.0 24.0 66.0 271.0
20 -19.226 32.77 9.0 19.0 75.0 434.0
21 -49.115 -43.549 0.0 0.0 0.0 1000.0
22 10.065 1.822 0.0 0.0 0.0 1000.0
23 14.233 21.173 0.0 0.0 0.0 1000.0
24 -21.054 4.144 0.0 0.0 0.0 1000.0
