20 4 190 3
1 22.4 -60.083 2.0 17.0 165.0 436.0
2 1.489 -62.592 3.0 20.0 156.0 423.0
3 4.205 30.292 7.0 15.0 180.0 376.0
4 -52.02 -40.137 18.0 13.0 291.0 516.0
5 9.29 39.618 14.0 24.0 229.0 417.0
6 -46.643 -52.954 21.0 21.0 228.0 558.0
7 -51.16 34.967 18.0 12.0 299.0 578.0
8 -17.609 -71.851 9.0 25.0 226.0 428.0
9 -50.995 19.781 12.0 12.0 243.0 438.0
10 -19.061 4.48 12.0 25.0 63.0 265.0
11 35.15 12.622 21.0 10.0 155.0 370.0
12 -68.335 -34.277 4.0 25.0 212.0 515.0
13 65.521 42.81 10.0 24.0 83.0 277.0
14 19.757 21.228 3.0 17.0 228.0 578.0
15 -3.296 36.774 4.0 15.0 141.0 341.0
16 58.771 -7.056 8.0 9.0 220.0 442.0
17 -91.669 77.722 17.0 23.0 286.0 523.0
18 -3.052 70.898 17.0 9.0 108.0 372.0
19 -67.627 -20.679 19.0 21.0 154.0 456.0
20 18.347 34.784 21.0 6.0 82.0 275.0
21 14.233 21.173 0.0 0.0 0.0 1000.0
22 -21.054 4.144 0.0 0.0 0.0 1000.0
23 -23.334 -28.397 0.0 0.0 0.0 1000.0
24 -49.115 -43.549 0.0 0.0 0.0 1000.0
