20 4 190 1
1 39.27 12.787 4.0 14.0 222.0 519.0
2 -60.956 -47.925 7.0 3.0 275.0 535.0
3 9.955 26.337 5.0 14.0 203.0 529.0
4 -46.606 -39.948 25.0 21.0 174.0 523.0
5 33.191 13.69 9.0 24.0 149.0 461.0
6 -14.636 -0.446 3.0 8.0 100.0 426.0
7 -22.29 45.648 21.0 17.0 234.0 489.0
8 -37.256 -44.861 8.0 13.0 145.0 412.0
9 2.35 -81.805 18.0 14.0 159.0 370.0
10 44.092 12.433 24.0 18.0 226.0 566.0
11 82.794 25.836 4.0 9.0 64.0 353.0
12 45.844 -36.835 10.0 6.0 153.0 354.0
13 -37.378 12.256 7.0 20.0 67.0 347.0
14 22.4 -60.083 2.0 17.0 165.0 436.0
15 50.128 -66.046 3.0 12.0 92.0 447.0
16 -13.19 66.498 2.0 13.0 154.0 335.0
17 -30.634 7.526 23.0 12.0 241.0 564.0
18 7.178 57.935 15.0 8.0 71.0 323.0
19 -33.087 72.266 14.0 12.0 122.0 449.0
20 -20.471 12.885 23.0 20.0 144.0 470.0
21 -23.334 -28.397 0.0 0.0 0.0 1000.0
22 14.233 21.173 0.0 0.0 0.0 1000.0
23 -3.799 44.29 0.0 0.0 0.0 1000.0
24 -49.115 -43.549 0.0 0.0 0.0 1000.0
