20 6 190 3
1 -0.861 -16.418 8.0 25.0 275.0 536.0
2 19.757 21.228 3.0 17.0 228.0 578.0
3 -19.214 23.749 24.0 12.0 62.0 269.0
4 -64.709 -17.389 3.0 10.0 208.0 482.0
5 -86.975 10.345 16.0 8.0 268.0 597.0
6 26.044 35.974 6.0 2.0 247.0 575.0
7 -44.019 -39.935 24.0 16.0 203.0 448.0
8 2.35 -81.805 18.0 14.0 159.0 370.0
9 -9.576 -19.366 1.0 24.0 61.0 262.0
10 45.844 -36.835 10.0 6.0 153.0 354.0
11 -46.643 -52.954 21.0 21.0 228.0 558.0
12 -25.653 -0.372 2.0 12.0 229.0 568.0
13 -61.877 -73.901 11.0 15.0 164.0 447.0
14 -22.772 -50.867 22.0 5.0 288.0 602.0
15 -21.869 -18.768 2.0 6.0 269.0 514.0
16 -33.087 72.266 14.0 12.0 122.0 449.0
17 -17.609 -71.851 9.0 25.0 226.0 428.0
18 5.06 -14.349 23.0 8.0 218.0 450.0
19 -42.017 53.986 20.0 22.0 88.0 360.0
20 -5.64 -26.721 6.0 22.0 94.0 300.0
21 -23.334 -28.397 0.0 0.0 0.0 1000.0
22 -49.115 -43.549 0.0 0.0 0.0 1000.0
23 -21.054 4.144 0.0 0.0 0.0 1000.0
24 -3.799 44.29 0.0 0.0 0.0 1000.0
25 14.233 21.173 0.0 0.0 0.0 1000.0
26 10.065 1.822 0.0 0.0 0.0 1000.0
