20 6 190 5
1 -64.709 -17.389 3.0 10.0 208.0 482.0
2 -46.643 -52.954 21.0 21.0 228.0 558.0
3 -68.335 -34.277 4.0 25.0 212.0 515.0
4 28.894 33.936 11.0 3.0 224.0 547.0
5 15.686 52.374 5.0 1.0 152.0 340.0
6 -40.289 -42.303 6.0 20.0 101.0 341.0
7 -13.19 66.498 2.0 13.0 154.0 335.0
8 -24.261 35.907 22.0 1.0 159.0 475.0
9 -86.975 10.345 16.0 8.0 268.0 597.0
10 -35.388 -5.341 12.0 16.0 127.0 338.0
11 -5.92 44.061 12.0 4.0 245.0 511.0
12 33.191 13.69 9.0 24.0 149.0 461.0
13 4.712 48.669 15.0 13.0 174.0 414.0
14 82.794 25.836 4.0 9.0 64.0 353.0
15 2.35 -81.805 18.0 14.0 159.0 370.0
16 -18.707 84.296 6.0 15.0 124.0 438.0
17 0.946 25.458 12.0 9.0 267.0 464.0
18 22.4 -60.083 2.0 17.0 165.0 436.0
19 61.206 -13.501 25.0 8.0 263.0 469.0
20 -48.431 -50.317 4.0 13.0 246.0 582.0
21 -3.799 44.29 0.0 0.0 0.0 1000.0
22 10.065 1.822 0.0 0.0 0.0 1000.0
23 -49.115 -43.549 0.0 0.0 0.0 1000.0
24 -23.334 -28.397 0.0 0.0 0.0 1000.0
25 14.233 21.173 0.0 0.0 0.0 1000.0
26 -21.054 4.144 0.0 0.0 0.0 1000.0
