20 6 190 2
1 -33.624 50.33 22.0 23.0 165.0 520.0
2 2.35 -81.805 18.0 14.0 159.0 370.0
3 -13.19 66.498 2.0 13.0 154.0 335.0
4 -61.877 -73.901 11.0 15.0 164.0 447.0
5 35.095 -10.895 25.0 7.0 238.0 427.0
6 -19.501 13.519 19.0 14.0 63.0 389.0
7 73.663 32.941 24.0 24.0 66.0 271.0
8 -67.627 -20.679 19.0 21.0 154.0 456.0
9 18.347 34.784 21.0 6.0 82.0 275.0
10 45.844 -36.835 10.0 6.0 153.0 354.0
11 9.808 36.896 11.0 25.0 144.0 350.0
12 15.686 52.374 5.0 1.0 152.0 340.0
13 -52.02 -40.137 18.0 13.0 291.0 516.0
14 -46.368 -1.514 23.0 10.0 194.0 382.0
15 -17.609 -71.851 9.0 25.0 226.0 428.0
16 -18.707 84.296 6.0 15.0 124.0 438.0
17 -37.256 -44.861 8.0 13.0 145.0 412.0
18 -37.378 12.256 7.0 20.0 67.0 347.0
19 -24.194 -38.263 21.0 19.0 138.0 396.0
20 -64.709 -17.389 3.0 10.0 208.0 482.0
21 -3.799 44.29 0.0 0.0 0.0 1000.0
22 -23.334 -28.397 0.0 0.0 0.0 1000.0
23 -49.115 -43.549 0.0 0.0 0.0 1000.0
24 -21.054 4.144 0.0 0.0 0.0 1000.0
25 14.233 21.173 0.0 0.0 0.0 1000.0
26 10.065 1.822 0.0 0.0 0.0 1000.0
