20 6 190 1
1 2.35 -81.805 18.0 14.0 159.0 370.0
2 8.936 -3.723 21.0 24.0 211.0 414.0
3 -68.335 -34.277 4.0 25.0 212.0 515.0
4 -70.52 -3.809 23.0 22.0 149.0 376.0
5 -22.827 36.81 18.0 12.0 289.0 591.0
6 -46.606 -39.948 25.0 21.0 174.0 523.0
7 -17.609 -71.851 9.0 25.0 226.0 428.0
8 40.497 32.343 8.0 10.0 107.0 375.0
9 -44.019 -39.935 24.0 16.0 203.0 448.0
10 -24.176 -72.894 8.0 19.0 188.0 433.0
11 4.205 30.292 7.0 15.0 180.0 376.0
12 -18.707 84.296 6.0 15.0 124.0 438.0
13 2.551 46.851 10.0 22.0 295.0 543.0
14 4.095 -19.354 13.0 7.0 163.0 356.0
15 61.188 -59.875 12.0 14.0 229.0 520.0
16 -26.758 14.807 13.0 12.0 105.0 353.0
17 -5.64 -26.721 6.0 22.0 94.0 300.0
18 -22.131 -17.065 11.0 5.0 290.0 546.0
19 -20.374 -31.903 11.0 24.0 195.0 375.0
20 -70.184 -39.166 13.0 18.0 99.0 413.0
21 -21.054 4.144 0.0 0.0 0.0 1000.0
22 -23.334 -28.397 0.0 0.0 0.0 1000.0
23 -49.115 -43.549 0.0 0.0 0.0 1000.0
24 10.065 1.822 0.0 0.0 0.0 1000.0
25 -3.799 44.29 0.0 0.0 0.0 1000.0
26 14.233 21.173 0.0 0.0 0.0 1000.0
