20 6 190 4
1 -74.286 -52.307 5.0 6.0 265.0 502.0
2 -14.636 -0.446 3.0 8.0 100.0 426.0
3 72.095 20.233 1.0 6.0 123.0 469.0
4 -21.497 61.487 18.0 13.0 205.0 419.0
5 -15.662 17.462 21.0 16.0 215.0 524.0
6 18.347 34.784 21.0 6.0 82.0 275.0
7 -51.16 34.967 18.0 12.0 299.0 578.0
8 61.206 -13.501 25.0 8.0 263.0 469.0
9 -50.995 19.781 12.0 12.0 243.0 438.0
10 61.188 -59.875 12.0 14.0 229.0 520.0
11 -22.29 45.648 21.0 17.0 234.0 489.0
12 -17.609 -71.851 9.0 25.0 226.0 428.0
13 -54.144 13.525 1.0 19.0 212.0 457.0
14 -9.576 -19.366 1.0 24.0 61.0 262.0
15 -22.131 -17.065 11.0 5.0 290.0 546.0
16 -61.877 -73.901 11.0 15.0 164.0 447.0
17 9.29 39.618 14.0 24.0 229.0 417.0
18 15.686 52.374 5.0 1.0 152.0 340.0
19 -30.035 -78.284 22.0 13.0 265.0 572.0
20 4.712 48.669 15.0 13.0 174.0 414.0
21 -3.799 44.29 0.0 0.0 0.0 1000.0
22 14.233 21.173 0.0 0.0 0.0 1000.0
23 -49.115 -43.549 0.0 0.0 0.0 1000.0
24 10.065 1.822 0.0 0.0 0.0 1000.0
25 -23.334 -28.397 0.0 0.0 0.0 1000.0
26 -21.054 4.144 0.0 0.0 0.0 1000.0
