25 2 180 4
1 1.251 -26.55 15.0 9.0 266.0 504.0
2 54.388 8.63 17.0 1.0 285.0 560.0
3 -2.93 13.22 23.0 19.0 163.0 482.0
4 20.27 -4.999 5.0 21.0 176.0 427.0
5 -30.157 38.776 1.0 5.0 112.0 370.0
6 -38.538 -37.396 19.0 15.0 87.0 343.0
7 -65.552 -40.222 13.0 11.0 266.0 573.0
8 -14.697 -0.116 5.0 10.0 169.0 505.0
9 -37.012 6.476 8.0 18.0 180.0 384.0
10 -48.383 -48.92 19.0 4.0 188.0 438.0
11 4.865 -69.586 12.0 23.0 67.0 319.0
12 33.557 28.064 5.0 16.0 123.0 376.0
13 -53.394 -14.24 5.0 18.0 109.0 349.0
14 -48.895 -71.1 3.0 21.0 154.0 347.0
15 -43.628 -32.318 24.0 9.0 289.0 566.0
16 -6.494 -29.425 23.0 19.0 94.0 292.0
17 53.802 36.993 14.0 15.0 112.0 319.0
18 -54.675 -18.439 6.0 22.0 115.0 335.0
19 -36.731 -8.929 20.0 12.0 79.0 411.0
20 -52.539 60.107 17.0 17.0 224.0 455.0
21 -49.475 -17.578 21.0 7.0 71.0 283.0
22 -21.228 0.751 4.0 4.0 145.0 357.0
23 32.397 -32.532 20.0 24.0 243.0 429.0
24 -17.548 -46.765 5.0 14.0 157.0 340.0
25 55.304 6.628 25.0 23.0 198.0 483.0
26 49.725 11.99 0.0 0.0 0.0 1000.0
27 -41.833 -35.361 0.0 0.0 0.0 1000.0
