25 2 180 1
1 -25.61 -99.237 9.0 6.0 82.0 283.0
2 -21.088 -13.293 4.0 1.0 136.0 435.0
3 -53.027 -33.179 21.0 20.0 120.0 416.0
4 -43.17 -30.487 16.0 15.0 297.0 653.0
5 -51.056 -46.545 20.0 9.0 296.0 618.0
6 74.695 19.366 22.0 21.0 65.0 285.0
7 14.6 11.365 15.0 21.0 91.0 444.0
8 71.814 26.501 12.0 17.0 112.0 295.0
9 48.633 3.021 1.0 3.0 143.0 492.0
10 58.13 46.606 5.0 5.0 139.0 403.0
11 35.822 19.763 3.0 9.0 89.0 341.0
12 -48.895 -71.1 3.0 21.0 154.0 347.0
13 -3.094 21.582 5.0 11.0 228.0 499.0
14 -30.267 14.893 24.0 17.0 80.0 305.0
15 42.578 45.325 15.0 2.0 113.0 375.0
16 54.889 12.024 13.0 13.0 200.0 490.0
17 -73.999 -54.626 7.0 18.0 134.0 484.0
18 -9.003 -25.452 10.0 2.0 72.0 261.0
19 34.906 -4.578 2.0 7.0 83.0 434.0
20 -8.392 -38.678 13.0 24.0 192.0 394.0
21 80.035 5.273 10.0 2.0 139.0 475.0
22 20.917 -52.582 17.0 8.0 65.0 409.0
23 7.141 24.817 8.0 13.0 73.0 373.0
24 -13.995 -45.624 7.0 22.0 297.0 649.0
25 -54.034 -53.131 7.0 13.0 149.0 440.0
26 49.725 11.99 0.0 0.0 0.0 1000.0
27 21.133 14.142 0.0 0.0 0.0 1000.0
