25 2 180 5
1 54.962 2.985 15.0 23.0 87.0 317.0
2 -2.93 13.22 23.0 19.0 163.0 482.0
3 -63.116 -67.462 6.0 19.0 83.0 363.0
4 -13.995 -45.624 7.0 22.0 297.0 649.0
5 82.08 27.057 17.0 24.0 207.0 557.0
6 75.452 -13.422 20.0 3.0 145.0 504.0
7 -25.61 -99.237 9.0 6.0 82.0 283.0
8 -26.984 -19.568 16.0 23.0 114.0 423.0
9 -5.676 33.85 7.0 10.0 267.0 463.0
10 -34.796 -22.205 23.0 20.0 212.0 559.0
11 -36.365 -48.163 5.0 5.0 238.0 526.0
12 34.906 -4.578 2.0 7.0 83.0 434.0
13 -52.539 60.107 17.0 17.0 224.0 455.0
14 -4.608 -13.806 25.0 2.0 161.0 462.0
15 -32.166 -23.621 24.0 11.0 223.0 454.0
16 44.659 20.465 4.0 7.0 62.0 375.0
17 -17.548 -46.765 5.0 14.0 157.0 340.0
18 -41.827 38.995 20.0 10.0 95.0 419.0
19 74.274 -19.922 22.0 7.0 72.0 425.0
20 54.388 8.63 17.0 1.0 285.0 560.0
21 11.774 11.133 13.0 6.0 61.0 402.0
22 41.058 22.931 6.0 12.0 265.0 624.0
23 -5.133 -18.463 25.0 23.0 217.0 547.0
24 -21.088 -13.293 4.0 1.0 136.0 435.0
25 -6.494 -29.425 23.0 19.0 94.0 292.0
26 -41.833 -35.361 0.0 0.0 0.0 1000.0
27 -15.067 -23.95 0.0 0.0 0.0 1000.0
