25 2 180 2
1 -12.067 -21.509 12.0 9.0 116.0 475.0
2 74.695 19.366 22.0 21.0 65.0 285.0
3 -18.768 -23.663 24.0 16.0 130.0 330.0
4 -57.202 -34.229 10.0 8.0 172.0 470.0
5 -13.995 -45.624 7.0 22.0 297.0 649.0
6 -16.73 -16.559 15.0 8.0 196.0 518.0
7 29.077 63.116 4.0 15.0 186.0 426.0
8 16.095 -2.49 4.0 17.0 85.0 299.0
9 -17.548 -46.765 5.0 14.0 157.0 340.0
10 73.26 10.669 4.0 25.0 142.0 384.0
11 -21.228 0.751 4.0 4.0 145.0 357.0
12 -16.864 -49.768 17.0 25.0 69.0 293.0
13 59.613 13.452 12.0 20.0 146.0 464.0
14 -25.592 -10.84 23.0 1.0 232.0 589.0
15 1.257 29.156 9.0 2.0 225.0 521.0
16 46.747 6.696 13.0 12.0 143.0 361.0
17 -89.966 51.514 1.0 20.0 159.0 430.0
18 -34.796 -22.205 23.0 20.0 212.0 559.0
19 -1.801 -18.671 3.0 2.0 114.0 442.0
20 -37.012 6.476 8.0 18.0 180.0 384.0
21 -56.256 -5.548 9.0 11.0 172.0 365.0
22 -39.838 -67.731 4.0 8.0 77.0 385.0
23 -2.93 13.22 23.0 19.0 163.0 482.0
24 -63.074 27.38 11.0 25.0 85.0 377.0
25 36.261 26.782 6.0 23.0 135.0 388.0
26 -41.833 -35.361 0.0 0.0 0.0 1000.0
27 -29.523 -4.843 0.0 0.0 0.0 1000.0
