25 2 180 3
1 -40.503 8.038 8.0 7.0 142.0 434.0
2 79.48 -24.866 24.0 24.0 172.0 407.0
3 43.079 42.017 3.0 20.0 98.0 430.0
4 34.906 -4.578 2.0 7.0 83.0 434.0
5 44.659 20.465 4.0 7.0 62.0 375.0
6 -10.541 -31.305 18.0 14.0 139.0 449.0
7 -53.656 21.692 10.0 8.0 118.0 389.0
8 36.56 -2.441 18.0 21.0 275.0 596.0
9 -73.999 -54.626 7.0 18.0 134.0 484.0
10 -13.995 -45.624 7.0 22.0 297.0 649.0
11 48.633 3.021 1.0 3.0 143.0 492.0
12 12.103 23.84 24.0 1.0 243.0 443.0
13 -16.864 -49.768 17.0 25.0 69.0 293.0
14 36.261 26.782 6.0 23.0 135.0 388.0
15 -40.308 -7.452 6.0 11.0 207.0 422.0
16 -48.895 -71.1 3.0 21.0 154.0 347.0
17 -44.44 30.09 6.0 4.0 251.0 549.0
18 -21.088 -13.293 4.0 1.0 136.0 435.0
19 -61.957 -33.038 7.0 9.0 197.0 550.0
20 40.381 1.611 8.0 3.0 186.0 440.0
21 10.98 -7.605 6.0 3.0 162.0 399.0
22 33.655 -0.928 19.0 19.0 270.0 504.0
23 37.915 63.599 11.0 11.0 128.0 422.0
24 -1.801 -18.671 3.0 2.0 114.0 442.0
25 82.08 27.057 17.0 24.0 207.0 557.0
26 -41.833 -35.361 0.0 0.0 0.0 1000.0
27 38.791 22.443 0.0 0.0 0.0 1000.0
