25 4 180 2
1 65.527 14.026 25.0 19.0 224.0 521.0
2 74.695 19.366 22.0 21.0 65.0 285.0
3 48.468 -66.04 20.0 21.0 220.0 485.0
4 43.372 4.187 14.0 8.0 281.0 598.0
5 -35.889 -16.034 19.0 13.0 64.0 280.0
6 41.998 0.153 17.0 2.0 203.0 391.0
7 58.13 46.606 5.0 5.0 139.0 403.0
8 45.374 22.131 15.0 13.0 235.0 469.0
9 37.915 63.599 11.0 11.0 128.0 422.0
10 64.203 77.612 7.0 25.0 289.0 589.0
11 33.661 -7.666 10.0 24.0 162.0 488.0
12 40.381 1.611 8.0 3.0 186.0 440.0
13 -19.751 -10.278 20.0 8.0 175.0 446.0
14 -18.768 -23.663 24.0 16.0 130.0 330.0
15 -54.675 -18.439 6.0 22.0 115.0 335.0
16 -46.924 -49.261 14.0 17.0 109.0 448.0
17 29.706 15.454 16.0 3.0 63.0 274.0
18 48.059 29.517 21.0 23.0 168.0 503.0
19 -63.074 27.38 11.0 25.0 85.0 377.0
20 35.822 19.763 3.0 9.0 89.0 341.0
21 -17.548 -46.765 5.0 14.0 157.0 340.0
22 59.961 24.31 8.0 21.0 164.0 513.0
23 44.659 20.465 4.0 7.0 62.0 375.0
24 80.695 32.983 20.0 15.0 299.0 643.0
25 -65.552 -40.222 13.0 11.0 266.0 573.0
26 38.791 22.443 0.0 0.0 0.0 1000.0
27 -29.523 -4.843 0.0 0.0 0.0 1000.0
28 -41.833 -35.361 0.0 0.0 0.0 1000.0
29 49.725 11.99 0.0 0.0 0.0 1000.0
