25 4 180 4
1 -49.603 -76.624 7.0 16.0 125.0 327.0
2 -12.225 14.148 19.0 19.0 197.0 482.0
3 -54.034 -53.131 7.0 13.0 149.0 440.0
4 -8.392 -38.678 13.0 24.0 192.0 394.0
5 15.021 13.708 4.0 3.0 275.0 618.0
6 8.099 80.725 3.0 8.0 254.0 485.0
7 -51.91 -28.711 10.0 17.0 186.0 490.0
8 -53.284 -64.136 12.0 2.0 60.0 332.0
9 36.56 -2.441 18.0 21.0 275.0 596.0
10 37.915 63.599 11.0 11.0 128.0 422.0
11 22.595 -28.357 9.0 5.0 101.0 350.0
12 14.728 28.906 15.0 20.0 227.0 547.0
13 48.468 -66.04 20.0 21.0 220.0 485.0
14 32.397 -32.532 20.0 24.0 243.0 429.0
15 -52.539 60.107 17.0 17.0 224.0 455.0
16 -69.824 -50.354 16.0 6.0 65.0 394.0
17 80.695 32.983 20.0 15.0 299.0 643.0
18 29.077 63.116 4.0 15.0 186.0 426.0
19 73.26 10.669 4.0 25.0 142.0 384.0
20 -24.628 -68.701 6.0 8.0 124.0 439.0
21 -48.895 -71.1 3.0 21.0 154.0 347.0
22 59.338 -31.86 19.0 4.0 230.0 558.0
23 86.029 38.916 3.0 24.0 73.0 396.0
24 92.847 45.587 8.0 23.0 92.0 321.0
25 -43.17 -30.487 16.0 15.0 297.0 653.0
26 38.791 22.443 0.0 0.0 0.0 1000.0
27 49.725 11.99 0.0 0.0 0.0 1000.0
28 -41.833 -35.361 0.0 0.0 0.0 1000.0
29 -29.523 -4.843 0.0 0.0 0.0 1000.0
