25 4 180 1
1 -51.91 -28.711 10.0 17.0 186.0 490.0
2 22.595 -28.357 9.0 5.0 101.0 350.0
3 18.457 19.733 9.0 16.0 209.0 554.0
4 11.774 11.133 13.0 6.0 61.0 402.0
5 -53.027 -33.179 21.0 20.0 120.0 416.0
6 -53.284 -64.136 12.0 2.0 60.0 332.0
7 18.738 21.399 4.0 5.0 99.0 317.0
8 -41.827 38.995 20.0 10.0 95.0 419.0
9 -13.66 18.64 18.0 19.0 109.0 356.0
10 53.802 36.993 14.0 15.0 112.0 319.0
11 32.397 -32.532 20.0 24.0 243.0 429.0
12 -46.924 -49.261 14.0 17.0 109.0 448.0
13 54.388 8.63 17.0 1.0 285.0 560.0
14 -37.012 6.476 8.0 18.0 180.0 384.0
15 45.447 -21.069 14.0 8.0 146.0 442.0
16 -42.822 -30.17 12.0 24.0 178.0 529.0
17 20.27 -4.999 5.0 21.0 176.0 427.0
18 33.655 -0.928 19.0 19.0 270.0 504.0
19 -61.963 26.239 4.0 10.0 281.0 528.0
20 23.877 9.808 11.0 14.0 231.0 558.0
21 86.029 38.916 3.0 24.0 73.0 396.0
22 -8.398 -37.604 12.0 17.0 252.0 447.0
23 -16.864 -49.768 17.0 25.0 69.0 293.0
24 -24.628 -68.701 6.0 8.0 124.0 439.0
25 81.299 13.409 10.0 24.0 235.0 543.0
26 -41.833 -35.361 0.0 0.0 0.0 1000.0
27 49.725 11.99 0.0 0.0 0.0 1000.0
28 -15.067 -23.95 0.0 0.0 0.0 1000.0
29 21.133 14.142 0.0 0.0 0.0 1000.0
