25 4 180 3
1 -40.503 8.038 8.0 7.0 142.0 434.0
2 16.095 -2.49 4.0 17.0 85.0 299.0
3 -49.335 -17.969 22.0 20.0 184.0 437.0
4 -6.494 -29.425 23.0 19.0 94.0 292.0
5 -53.284 -64.136 12.0 2.0 60.0 332.0
6 -61.963 26.239 4.0 10.0 281.0 528.0
7 18.738 21.399 4.0 5.0 99.0 317.0
8 12.103 23.84 24.0 1.0 243.0 443.0
9 -49.475 -17.578 21.0 7.0 71.0 283.0
10 29.706 15.454 16.0 3.0 63.0 274.0
11 22.595 -28.357 9.0 5.0 101.0 350.0
12 73.26 10.669 4.0 25.0 142.0 384.0
13 44.659 20.465 4.0 7.0 62.0 375.0
14 47.015 9.338 5.0 18.0 79.0 273.0
15 59.613 13.452 12.0 20.0 146.0 464.0
16 82.08 27.057 17.0 24.0 207.0 557.0
17 49.78 6.866 23.0 11.0 90.0 319.0
18 23.785 12.177 24.0 1.0 125.0 379.0
19 33.948 45.209 10.0 22.0 190.0 456.0
20 33.661 -7.666 10.0 24.0 162.0 488.0
21 -62.036 -21.326 12.0 5.0 161.0 470.0
22 -41.235 -66.357 14.0 3.0 114.0 369.0
23 -29.81 -12.408 18.0 12.0 111.0 411.0
24 59.961 24.31 8.0 21.0 164.0 513.0
25 -34.369 0.61 11.0 11.0 90.0 436.0
26 -29.523 -4.843 0.0 0.0 0.0 1000.0
27 -15.067 -23.95 0.0 0.0 0.0 1000.0
28 21.133 14.142 0.0 0.0 0.0 1000.0
29 -41.833 -35.361 0.0 0.0 0.0 1000.0
