25 4 180 5
1 10.034 -63.739 7.0 3.0 266.0 463.0
2 -30.267 14.893 24.0 17.0 80.0 305.0
3 44.659 20.465 4.0 7.0 62.0 375.0
4 10.98 -7.605 6.0 3.0 162.0 399.0
5 46.985 17.224 3.0 21.0 90.0 369.0
6 34.521 32.837 3.0 13.0 74.0 352.0
7 -91.815 29.858 15.0 23.0 140.0 496.0
8 72.821 -38.916 3.0 12.0 191.0 389.0
9 20.27 -4.999 5.0 21.0 176.0 427.0
10 -12.225 14.148 19.0 19.0 197.0 482.0
11 33.661 -7.666 10.0 24.0 162.0 488.0
12 -1.569 -35.974 18.0 10.0 191.0 487.0
13 86.029 38.916 3.0 24.0 73.0 396.0
14 -43.628 -32.318 24.0 9.0 289.0 566.0
15 45.374 22.131 15.0 13.0 235.0 469.0
16 -65.552 -40.222 13.0 11.0 266.0 573.0
17 33.557 28.064 5.0 16.0 123.0 376.0
18 -56.378 -42.755 13.0 1.0 147.0 471.0
19 -18.768 -23.663 24.0 16.0 130.0 330.0
20 42.578 45.325 15.0 2.0 113.0 375.0
21 -22.961 -21.729 16.0 4.0 105.0 341.0
22 -29.81 -12.408 18.0 12.0 111.0 411.0
23 -89.966 51.514 1.0 20.0 159.0 430.0
24 -38.226 -9.448 3.0 2.0 273.0 598.0
25 -63.086 -60.114 10.0 19.0 110.0 446.0
26 49.725 11.99 0.0 0.0 0.0 1000.0
27 38.791 22.443 0.0 0.0 0.0 1000.0
28 -15.067 -23.95 0.0 0.0 0.0 1000.0
29 -29.523 -4.843 0.0 0.0 0.0 1000.0
