25 6 180 3
1 -13.794 -27.106 18.0 13.0 163.0 505.0
2 -21.228 0.751 4.0 4.0 145.0 357.0
3 -60.199 24.292 2.0 7.0 281.0 559.0
4 -13.995 -45.624 7.0 22.0 297.0 649.0
5 54.962 2.985 15.0 23.0 87.0 317.0
6 -5.676 33.85 7.0 10.0 267.0 463.0
7 35.822 19.763 3.0 9.0 89.0 341.0
8 33.948 45.209 10.0 22.0 190.0 456.0
9 9.192 20.038 4.0 15.0 135.0 330.0
10 62.244 43.628 13.0 10.0 237.0 441.0
11 -54.675 -18.439 6.0 22.0 115.0 335.0
12 74.274 -19.922 22.0 7.0 72.0 425.0
13 37.915 63.599 11.0 11.0 128.0 422.0
14 18.738 21.399 4.0 5.0 99.0 317.0
15 -15.314 51.709 6.0 24.0 285.0 532.0
16 34.906 -4.578 2.0 7.0 83.0 434.0
17 80.695 32.983 20.0 15.0 299.0 643.0
18 31.744 33.972 23.0 12.0 206.0 536.0
19 48.633 3.021 1.0 3.0 143.0 492.0
20 -21.088 -13.293 4.0 1.0 136.0 435.0
21 14.728 28.906 15.0 20.0 227.0 547.0
22 -38.226 -9.448 3.0 2.0 273.0 598.0
23 92.847 45.587 8.0 23.0 92.0 321.0
24 36.261 26.782 6.0 23.0 135.0 388.0
25 -16.602 -29.327 4.0 1.0 148.0 444.0
26 -29.523 -4.843 0.0 0.0 0.0 1000.0
27 -41.833 -35.361 0.0 0.0 0.0 1000.0
28 -15.067 -23.95 0.0 0.0 0.0 1000.0
29 38.791 22.443 0.0 0.0 0.0 1000.0
30 49.725 11.99 0.0 0.0 0.0 1000.0
31 21.133 14.142 0.0 0.0 0.0 1000.0
