25 6 180 5
1 82.08 27.057 17.0 24.0 207.0 557.0
2 74.274 -19.922 22.0 7.0 72.0 425.0
3 -65.552 -40.222 13.0 11.0 266.0 573.0
4 -43.17 -30.487 16.0 15.0 297.0 653.0
5 -53.656 21.692 10.0 8.0 118.0 389.0
6 -5.133 -18.463 25.0 23.0 217.0 547.0
7 -91.815 29.858 15.0 23.0 140.0 496.0
8 20.917 -52.582 17.0 8.0 65.0 409.0
9 -44.44 30.09 6.0 4.0 251.0 549.0
10 -42.822 -30.17 12.0 24.0 178.0 529.0
11 46.747 6.696 13.0 12.0 143.0 361.0
12 19.696 10.767 14.0 10.0 207.0 479.0
13 54.889 12.024 13.0 13.0 200.0 490.0
14 -62.036 -21.326 12.0 5.0 161.0 470.0
15 18.738 21.399 4.0 5.0 99.0 317.0
16 -61.957 -33.038 7.0 9.0 197.0 550.0
17 39.96 48.297 3.0 10.0 95.0 415.0
18 36.261 26.782 6.0 23.0 135.0 388.0
19 -24.628 -68.701 6.0 8.0 124.0 439.0
20 48.059 29.517 21.0 23.0 168.0 503.0
21 -53.394 -14.24 5.0 18.0 109.0 349.0
22 43.079 42.017 3.0 20.0 98.0 430.0
23 81.299 13.409 10.0 24.0 235.0 543.0
24 71.869 29.034 22.0 25.0 160.0 497.0
25 10.98 -7.605 6.0 3.0 162.0 399.0
26 -41.833 -35.361 0.0 0.0 0.0 1000.0
27 -29.523 -4.843 0.0 0.0 0.0 1000.0
28 -15.067 -23.95 0.0 0.0 0.0 1000.0
29 21.133 14.142 0.0 0.0 0.0 1000.0
30 49.725 11.99 0.0 0.0 0.0 1000.0
31 38.791 22.443 0.0 0.0 0.0 1000.0
