25 6 180 1
1 40.381 1.611 8.0 3.0 186.0 440.0
2 -48.383 -48.92 19.0 4.0 188.0 438.0
3 -18.768 -23.663 24.0 16.0 130.0 330.0
4 -40.503 8.038 8.0 7.0 142.0 434.0
5 -49.335 -17.969 22.0 20.0 184.0 437.0
6 -34.369 0.61 11.0 11.0 90.0 436.0
7 -73.621 -9.552 6.0 19.0 95.0 422.0
8 -26.794 12.506 9.0 5.0 297.0 630.0
9 -53.656 21.692 10.0 8.0 118.0 389.0
10 80.035 5.273 10.0 2.0 139.0 475.0
11 80.695 32.983 20.0 15.0 299.0 643.0
12 -62.036 -21.326 12.0 5.0 161.0 470.0
13 -36.89 18.372 2.0 3.0 80.0 389.0
14 7.141 24.817 8.0 13.0 73.0 373.0
15 46.747 6.696 13.0 12.0 143.0 361.0
16 65.527 14.026 25.0 19.0 224.0 521.0
17 12.103 23.84 24.0 1.0 243.0 443.0
18 -13.794 -27.106 18.0 13.0 163.0 505.0
19 -30.267 14.893 24.0 17.0 80.0 305.0
20 -47.754 -50.073 4.0 2.0 144.0 327.0
21 -53.027 -33.179 21.0 20.0 120.0 416.0
22 55.304 6.628 25.0 23.0 198.0 483.0
23 58.13 46.606 5.0 5.0 139.0 403.0
24 -53.394 -14.24 5.0 18.0 109.0 349.0
25 -54.034 -53.131 7.0 13.0 149.0 440.0
26 38.791 22.443 0.0 0.0 0.0 1000.0
27 49.725 11.99 0.0 0.0 0.0 1000.0
28 -29.523 -4.843 0.0 0.0 0.0 1000.0
29 21.133 14.142 0.0 0.0 0.0 1000.0
30 -41.833 -35.361 0.0 0.0 0.0 1000.0
31 -15.067 -23.95 0.0 0.0 0.0 1000.0
