25 6 180 2
1 7.141 24.817 8.0 13.0 73.0 373.0
2 -22.961 -21.729 16.0 4.0 105.0 341.0
3 -53.021 -21.484 1.0 4.0 126.0 460.0
4 15.021 13.708 4.0 3.0 275.0 618.0
5 -65.137 -43.079 11.0 23.0 174.0 449.0
6 -62.036 -21.326 12.0 5.0 161.0 470.0
7 -42.822 -30.17 12.0 24.0 178.0 529.0
8 81.299 13.409 10.0 24.0 235.0 543.0
9 -13.66 18.64 18.0 19.0 109.0 356.0
10 -53.284 -64.136 12.0 2.0 60.0 332.0
11 80.695 32.983 20.0 15.0 299.0 643.0
12 22.595 -28.357 9.0 5.0 101.0 350.0
13 54.889 12.024 13.0 13.0 200.0 490.0
14 79.48 -24.866 24.0 24.0 172.0 407.0
15 -39.838 -67.731 4.0 8.0 77.0 385.0
16 -49.475 -17.578 21.0 7.0 71.0 283.0
17 -38.538 -37.396 19.0 15.0 87.0 343.0
18 -4.608 -13.806 25.0 2.0 161.0 462.0
19 40.381 1.611 8.0 3.0 186.0 440.0
20 54.388 8.63 17.0 1.0 285.0 560.0
21 80.035 5.273 10.0 2.0 139.0 475.0
22 -39.758 -13.019 3.0 25.0 244.0 436.0
23 42.578 45.325 15.0 2.0 113.0 375.0
24 -12.067 -21.509 12.0 9.0 116.0 475.0
25 57.501 16.327 17.0 10.0 271.0 576.0
26 38.791 22.443 0.0 0.0 0.0 1000.0
27 -29.523 -4.843 0.0 0.0 0.0 1000.0
28 -15.067 -23.95 0.0 0.0 0.0 1000.0
29 49.725 11.99 0.0 0.0 0.0 1000.0
30 -41.833 -35.361 0.0 0.0 0.0 1000.0
31 21.133 14.142 0.0 0.0 0.0 1000.0
