25 6 180 4
1 -24.628 -68.701 6.0 8.0 124.0 439.0
2 23.877 9.808 11.0 14.0 231.0 558.0
3 74.274 -19.922 22.0 7.0 72.0 425.0
4 58.13 46.606 5.0 5.0 139.0 403.0
5 23.785 12.177 24.0 1.0 125.0 379.0
6 35.144 14.734 22.0 6.0 66.0 415.0
7 -62.036 -21.326 12.0 5.0 161.0 470.0
8 -56.378 -42.755 13.0 1.0 147.0 471.0
9 31.744 33.972 23.0 12.0 206.0 536.0
10 -26.984 -19.568 16.0 23.0 114.0 423.0
11 -26.794 12.506 9.0 5.0 297.0 630.0
12 -41.235 -66.357 14.0 3.0 114.0 369.0
13 -0.763 41.339 22.0 1.0 295.0 501.0
14 -47.754 -50.073 4.0 2.0 144.0 327.0
15 -53.284 -64.136 12.0 2.0 60.0 332.0
16 -17.548 -46.765 5.0 14.0 157.0 340.0
17 -21.088 -13.293 4.0 1.0 136.0 435.0
18 -53.394 -14.24 5.0 18.0 109.0 349.0
19 -38.538 -37.396 19.0 15.0 87.0 343.0
20 -13.66 18.64 18.0 19.0 109.0 356.0
21 12.103 23.84 24.0 1.0 243.0 443.0
22 -8.392 -38.678 13.0 24.0 192.0 394.0
23 73.26 10.669 4.0 25.0 142.0 384.0
24 -4.608 -13.806 25.0 2.0 161.0 462.0
25 -53.021 -21.484 1.0 4.0 126.0 460.0
26 21.133 14.142 0.0 0.0 0.0 1000.0
27 -15.067 -23.95 0.0 0.0 0.0 1000.0
28 38.791 22.443 0.0 0.0 0.0 1000.0
29 -41.833 -35.361 0.0 0.0 0.0 1000.0
30 -29.523 -4.843 0.0 0.0 0.0 1000.0
31 49.725 11.99 0.0 0.0 0.0 1000.0
