30 2 170 2
1 11.09 -40.942 17.0 24.0 98.0 351.0
2 40.344 -24.176 12.0 13.0 89.0 394.0
3 49.249 -30.896 17.0 10.0 248.0 497.0
4 6.439 -3.516 15.0 21.0 239.0 457.0
5 -3.687 7.373 14.0 2.0 205.0 454.0
6 -30.328 -0.58 14.0 18.0 92.0 302.0
7 82.202 85.828 25.0 25.0 115.0 364.0
8 28.43 10.571 13.0 21.0 78.0 401.0
9 46.21 -53.522 22.0 19.0 119.0 466.0
10 4.468 -36.133 5.0 5.0 263.0 541.0
11 27.173 -13.33 17.0 22.0 81.0 338.0
12 -87.079 -52.899 14.0 10.0 270.0 608.0
13 -6.421 21.967 21.0 21.0 244.0 592.0
14 20.801 10.76 3.0 13.0 274.0 583.0
15 -31.128 -93.848 21.0 24.0 174.0 443.0
16 -52.429 -84.088 20.0 23.0 189.0 489.0
17 -95.892 -86.322 16.0 16.0 137.0 428.0
18 22.98 -18.109 7.0 17.0 148.0 463.0
19 -27.173 -4.462 15.0 25.0 173.0 451.0
20 28.198 -29.755 7.0 13.0 222.0 422.0
21 16.04 16.681 19.0 1.0 244.0 512.0
22 9.65 39.508 8.0 25.0 183.0 416.0
23 -29.712 -46.326 6.0 13.0 296.0 479.0
24 -43.372 -7.379 3.0 7.0 194.0 447.0
25 -42.621 -50.006 18.0 21.0 289.0 646.0
26 -2.258 -5.078 3.0 15.0 231.0 454.0
27 40.918 -36.09 6.0 10.0 189.0 521.0
28 13.409 -22.302 10.0 23.0 278.0 611.0
29 52.966 51.41 24.0 5.0 240.0 493.0
30 2.344 -16.516 2.0 22.0 76.0 386.0
31 -46.396 -39.923 0.0 0.0 0.0 1000.0
32 -40.198 -12.781 0.0 0.0 0.0 1000.0
