30 2 170 3
1 -42.316 -60.602 9.0 25.0 178.0 360.0
2 -40.851 -47.742 23.0 8.0 246.0 584.0
3 -30.988 7.654 7.0 11.0 296.0 480.0
4 42.151 -25.58 19.0 25.0 219.0 402.0
5 91.858 5.542 19.0 9.0 297.0 542.0
6 -18.939 57.69 24.0 12.0 187.0 411.0
7 23.151 4.205 7.0 9.0 250.0 564.0
8 -55.756 -33.49 7.0 15.0 214.0 554.0
9 -15.521 16.425 8.0 18.0 207.0 522.0
10 22.894 -44.348 20.0 13.0 196.0 555.0
11 -57.434 38.525 12.0 14.0 221.0 440.0
12 -38.861 42.114 1.0 14.0 106.0 403.0
13 -8.649 31.708 14.0 21.0 219.0 413.0
14 -31.128 -93.848 21.0 24.0 174.0 443.0
15 -52.161 -74.725 18.0 23.0 208.0 404.0
16 56.262 1.819 24.0 7.0 183.0 538.0
17 71.643 -36.981 22.0 24.0 114.0 421.0
18 -6.818 -19.873 14.0 24.0 93.0 426.0
19 -7.953 4.639 24.0 13.0 96.0 394.0
20 -69.775 -41.406 1.0 4.0 212.0 395.0
21 -28.442 -34.18 6.0 23.0 134.0 356.0
22 -80.408 -60.583 3.0 14.0 105.0 294.0
23 6.512 -46.124 9.0 13.0 199.0 439.0
24 43.915 -2.985 13.0 23.0 292.0 640.0
25 5.975 27.289 1.0 7.0 75.0 290.0
26 -56.238 -3.076 15.0 23.0 214.0 546.0
27 4.468 -36.133 5.0 5.0 263.0 541.0
28 -19.659 42.035 20.0 24.0 273.0 613.0
29 -34.973 -27.856 6.0 4.0 217.0 474.0
30 14.587 48.444 14.0 9.0 90.0 443.0
31 23.746 -0.522 0.0 0.0 0.0 1000.0
32 -46.396 -39.923 0.0 0.0 0.0 1000.0
