30 2 170 1
1 -55.756 -33.49 7.0 15.0 214.0 554.0
2 52.966 51.41 24.0 5.0 240.0 493.0
3 49.249 -30.896 17.0 10.0 248.0 497.0
4 18.317 -37.75 11.0 1.0 172.0 514.0
5 6.439 -3.516 15.0 21.0 239.0 457.0
6 -34.741 0.58 14.0 10.0 227.0 408.0
7 -24.072 -55.927 17.0 11.0 233.0 486.0
8 -22.803 5.658 15.0 16.0 212.0 476.0
9 -34.54 -39.502 6.0 13.0 208.0 533.0
10 -6.818 -19.873 14.0 24.0 93.0 426.0
11 81.329 -44.244 15.0 21.0 223.0 574.0
12 -31.604 -60.938 6.0 21.0 298.0 617.0
13 -70.569 -7.037 7.0 15.0 201.0 531.0
14 1.727 -70.221 10.0 17.0 201.0 386.0
15 -44.952 -77.734 11.0 4.0 95.0 420.0
16 29.315 54.468 4.0 22.0 208.0 393.0
17 -52.484 9.711 2.0 1.0 80.0 284.0
18 -16.821 17.664 23.0 10.0 95.0 402.0
19 -55.048 -32.538 7.0 11.0 190.0 465.0
20 48.352 -8.783 3.0 3.0 78.0 425.0
21 57.947 -48.779 10.0 8.0 229.0 449.0
22 6.366 -14.264 1.0 11.0 80.0 346.0
23 46.21 -53.522 22.0 19.0 119.0 466.0
24 25.189 -21.045 10.0 1.0 159.0 488.0
25 12.805 1.886 15.0 10.0 120.0 382.0
26 98.431 31.348 2.0 19.0 201.0 392.0
27 -53.253 14.099 21.0 10.0 96.0 308.0
28 -40.985 -16.895 2.0 14.0 144.0 464.0
29 19.135 41.15 1.0 2.0 214.0 481.0
30 -66.772 -34.943 6.0 7.0 79.0 337.0
31 -40.198 -12.781 0.0 0.0 0.0 1000.0
32 -1.193 2.515 0.0 0.0 0.0 1000.0
