30 2 170 5
1 27.85 -10.028 8.0 22.0 147.0 429.0
2 91.858 5.542 19.0 9.0 297.0 542.0
3 9.65 39.508 8.0 25.0 183.0 416.0
4 -2.93 27.039 8.0 12.0 276.0 456.0
5 -18.939 57.69 24.0 12.0 187.0 411.0
6 18.213 1.373 7.0 21.0 213.0 516.0
7 -71.936 -20.16 11.0 15.0 101.0 435.0
8 -43.89 13.007 24.0 10.0 79.0 362.0
9 -15.521 16.425 8.0 18.0 207.0 522.0
10 27.435 17.554 11.0 25.0 184.0 458.0
11 -42.621 -50.006 18.0 21.0 289.0 646.0
12 25.549 -3.796 3.0 1.0 202.0 439.0
13 12.805 1.886 15.0 10.0 120.0 382.0
14 -43.011 -38.702 6.0 13.0 179.0 381.0
15 68.219 -66.986 25.0 17.0 61.0 292.0
16 16.821 -12.72 16.0 8.0 139.0 406.0
17 27.173 -13.33 17.0 22.0 81.0 338.0
18 20.856 -26.465 7.0 17.0 204.0 560.0
19 13.409 -22.302 10.0 23.0 278.0 611.0
20 34.473 25.391 19.0 2.0 270.0 508.0
21 -27.167 -27.936 25.0 15.0 279.0 577.0
22 -6.525 11.975 18.0 2.0 293.0 521.0
23 56.262 1.819 24.0 7.0 183.0 538.0
24 -57.434 38.525 12.0 14.0 221.0 440.0
25 -50.537 28.357 4.0 24.0 263.0 474.0
26 11.682 -63.336 15.0 16.0 85.0 338.0
27 -31.604 -60.938 6.0 21.0 298.0 617.0
28 -49.261 -41.718 8.0 21.0 84.0 323.0
29 -51.904 9.412 18.0 6.0 297.0 592.0
30 -39.874 -53.375 22.0 2.0 194.0 414.0
31 -46.396 -39.923 0.0 0.0 0.0 1000.0
32 23.746 -0.522 0.0 0.0 0.0 1000.0
