30 2 170 4
1 16.016 11.169 1.0 18.0 97.0 330.0
2 48.352 -8.783 3.0 3.0 78.0 425.0
3 -31.128 -93.848 21.0 24.0 174.0 443.0
4 -26.379 13.776 4.0 7.0 284.0 610.0
5 -6.421 21.967 21.0 21.0 244.0 592.0
6 -30.823 17.902 18.0 13.0 246.0 463.0
7 28.198 -29.755 7.0 13.0 222.0 422.0
8 -77.521 -55.084 16.0 17.0 223.0 547.0
9 40.576 -54.492 22.0 14.0 114.0 334.0
10 42.151 -25.58 19.0 25.0 219.0 402.0
11 6.439 -3.516 15.0 21.0 239.0 457.0
12 45.526 -5.127 9.0 25.0 153.0 364.0
13 -34.973 -27.856 6.0 4.0 217.0 474.0
14 16.089 -27.887 19.0 3.0 222.0 482.0
15 -33.374 -62.024 6.0 1.0 266.0 612.0
16 -41.119 -13.361 10.0 13.0 98.0 406.0
17 31.293 -39.905 20.0 4.0 265.0 521.0
18 -30.328 -0.58 14.0 18.0 92.0 302.0
19 0.549 3.644 18.0 17.0 185.0 478.0
20 -52.374 -50.244 16.0 13.0 232.0 461.0
21 -43.89 13.007 24.0 10.0 79.0 362.0
22 -78.015 1.27 19.0 11.0 253.0 567.0
23 -24.048 -47.192 1.0 21.0 182.0 402.0
24 47.51 -42.035 23.0 15.0 296.0 599.0
25 33.203 -52.289 11.0 5.0 276.0 630.0
26 6.512 -46.124 9.0 13.0 199.0 439.0
27 29.938 -58.71 21.0 25.0 286.0 574.0
28 -35.834 -23.834 4.0 7.0 284.0 558.0
29 7.037 -45.337 22.0 18.0 294.0 612.0
30 34.29 26.031 11.0 23.0 193.0 546.0
31 23.746 -0.522 0.0 0.0 0.0 1000.0
32 -46.396 -39.923 0.0 0.0 0.0 1000.0
