30 4 170 5
1 42.151 -25.58 19.0 25.0 219.0 402.0
2 23.01 -45.703 19.0 13.0 158.0 383.0
3 2.344 -16.516 2.0 22.0 76.0 386.0
4 18.213 1.373 7.0 21.0 213.0 516.0
5 -37.366 -28.528 3.0 24.0 272.0 515.0
6 -47.766 -35.59 24.0 20.0 125.0 428.0
7 -7.599 37.03 19.0 4.0 228.0 549.0
8 -19.659 42.035 20.0 24.0 273.0 613.0
9 52.966 51.41 24.0 5.0 240.0 493.0
10 12.732 -40.967 15.0 18.0 245.0 496.0
11 -20.343 -11.182 11.0 11.0 172.0 514.0
12 -95.068 44.293 4.0 21.0 254.0 450.0
13 -52.374 -50.244 16.0 13.0 232.0 461.0
14 5.975 27.289 1.0 7.0 75.0 290.0
15 62.006 -1.453 25.0 4.0 92.0 288.0
16 2.954 -8.563 24.0 17.0 142.0 442.0
17 -22.345 -78.278 21.0 15.0 87.0 401.0
18 -31.268 -34.613 4.0 18.0 113.0 467.0
19 -11.603 42.908 9.0 16.0 172.0 437.0
20 -28.442 -34.18 6.0 23.0 134.0 356.0
21 -35.834 -23.834 4.0 7.0 284.0 558.0
22 -57.434 38.525 12.0 14.0 221.0 440.0
23 -55.756 -33.49 7.0 15.0 214.0 554.0
24 -22.449 15.771 19.0 4.0 107.0 335.0
25 19.617 17.865 21.0 8.0 105.0 303.0
26 -10.651 54.431 16.0 21.0 137.0 318.0
27 0.549 3.644 18.0 17.0 185.0 478.0
28 81.329 -44.244 15.0 21.0 223.0 574.0
29 93.378 23.004 2.0 8.0 271.0 542.0
30 -96.155 34.1 18.0 5.0 199.0 516.0
31 18.329 -35.468 0.0 0.0 0.0 1000.0
32 -1.193 2.515 0.0 0.0 0.0 1000.0
33 23.746 -0.522 0.0 0.0 0.0 1000.0
34 -40.198 -12.781 0.0 0.0 0.0 1000.0
