30 4 170 1
1 -52.161 -74.725 18.0 23.0 208.0 404.0
2 49.658 24.469 16.0 6.0 282.0 556.0
3 22.894 -44.348 20.0 13.0 196.0 555.0
4 0.549 3.644 18.0 17.0 185.0 478.0
5 56.262 1.819 24.0 7.0 183.0 538.0
6 -16.479 48.657 3.0 6.0 91.0 283.0
7 -50.537 28.357 4.0 24.0 263.0 474.0
8 25.385 22.986 14.0 21.0 64.0 321.0
9 31.293 -39.905 20.0 4.0 265.0 521.0
10 23.633 27.643 19.0 15.0 159.0 370.0
11 -28.058 -59.436 6.0 10.0 161.0 396.0
12 -52.429 -84.088 20.0 23.0 189.0 489.0
13 60.797 -32.593 11.0 10.0 85.0 396.0
14 -92.731 44.885 25.0 7.0 75.0 263.0
15 -53.253 14.099 21.0 10.0 96.0 308.0
16 -32.135 -45.068 9.0 5.0 118.0 403.0
17 -6.421 21.967 21.0 21.0 244.0 592.0
18 -29.712 -46.326 6.0 13.0 296.0 479.0
19 -55.756 -33.49 7.0 15.0 214.0 554.0
20 -4.706 14.056 19.0 18.0 75.0 317.0
21 60.297 52.637 18.0 12.0 266.0 528.0
22 -37.561 -41.73 5.0 3.0 129.0 447.0
23 13.409 -22.302 10.0 23.0 278.0 611.0
24 11.09 -40.942 17.0 24.0 98.0 351.0
25 -40.582 -53.247 15.0 23.0 280.0 576.0
26 4.388 -38.489 16.0 3.0 239.0 545.0
27 -10.651 54.431 16.0 21.0 137.0 318.0
28 -37.982 -6.36 19.0 6.0 143.0 436.0
29 -44.574 -44.055 15.0 24.0 78.0 422.0
30 -9.283 -6.689 24.0 23.0 219.0 511.0
31 -1.193 2.515 0.0 0.0 0.0 1000.0
32 -46.396 -39.923 0.0 0.0 0.0 1000.0
33 -40.488 -35.864 0.0 0.0 0.0 1000.0
34 18.329 -35.468 0.0 0.0 0.0 1000.0
