30 4 170 4
1 31.952 -25.421 23.0 21.0 277.0 626.0
2 -62.195 -21.399 8.0 25.0 281.0 587.0
3 4.388 -38.489 16.0 3.0 239.0 545.0
4 1.099 -14.624 14.0 18.0 144.0 491.0
5 66.852 1.135 13.0 14.0 107.0 289.0
6 -23.639 -47.681 2.0 21.0 140.0 485.0
7 12.732 -40.967 15.0 18.0 245.0 496.0
8 -20.343 -11.182 11.0 11.0 172.0 514.0
9 47.51 -42.035 23.0 15.0 296.0 599.0
10 -6.818 -19.873 14.0 24.0 93.0 426.0
11 49.658 24.469 16.0 6.0 282.0 556.0
12 -59.277 39.667 20.0 15.0 242.0 531.0
13 -70.569 -7.037 7.0 15.0 201.0 531.0
14 39.215 -29.773 21.0 24.0 194.0 420.0
15 27.435 17.554 11.0 25.0 184.0 458.0
16 -56.714 -39.252 19.0 2.0 240.0 578.0
17 -38.861 42.114 1.0 14.0 106.0 403.0
18 -69.775 -41.406 1.0 4.0 212.0 395.0
19 67.316 -39.734 14.0 18.0 223.0 403.0
20 88.983 -53.387 21.0 22.0 279.0 469.0
21 -33.551 -25.586 3.0 14.0 196.0 415.0
22 -40.985 -16.895 2.0 14.0 144.0 464.0
23 35.834 13.147 2.0 2.0 206.0 425.0
24 16.016 11.169 1.0 18.0 97.0 330.0
25 11.682 -63.336 15.0 16.0 85.0 338.0
26 -4.706 14.056 19.0 18.0 75.0 317.0
27 45.526 -5.127 9.0 25.0 153.0 364.0
28 -3.668 -26.868 21.0 21.0 114.0 401.0
29 -2.93 27.039 8.0 12.0 276.0 456.0
30 -54.706 -17.596 18.0 2.0 60.0 381.0
31 18.329 -35.468 0.0 0.0 0.0 1000.0
32 -40.198 -12.781 0.0 0.0 0.0 1000.0
33 23.746 -0.522 0.0 0.0 0.0 1000.0
34 -40.488 -35.864 0.0 0.0 0.0 1000.0
