30 4 170 3
1 57.947 -48.779 10.0 8.0 229.0 449.0
2 -96.155 34.1 18.0 5.0 199.0 516.0
3 27.814 6.512 1.0 13.0 193.0 393.0
4 -38.727 -33.588 8.0 12.0 132.0 429.0
5 51.672 -26.343 9.0 10.0 269.0 539.0
6 -6.525 11.975 18.0 2.0 293.0 521.0
7 -22.803 5.658 15.0 16.0 212.0 476.0
8 19.135 41.15 1.0 2.0 214.0 481.0
9 -10.114 69.977 20.0 22.0 288.0 515.0
10 -40.582 -53.247 15.0 23.0 280.0 576.0
11 25.549 -3.796 3.0 1.0 202.0 439.0
12 -40.851 -47.742 23.0 8.0 246.0 584.0
13 -4.803 21.674 15.0 1.0 89.0 371.0
14 -23.669 -15.289 5.0 25.0 76.0 269.0
15 43.915 -2.985 13.0 23.0 292.0 640.0
16 -34.54 -39.502 6.0 13.0 208.0 533.0
17 68.219 -66.986 25.0 17.0 61.0 292.0
18 -53.253 14.099 21.0 10.0 96.0 308.0
19 9.65 39.508 8.0 25.0 183.0 416.0
20 22.894 -44.348 20.0 13.0 196.0 555.0
21 93.378 23.004 2.0 8.0 271.0 542.0
22 -18.939 57.69 24.0 12.0 187.0 411.0
23 -15.149 -25.482 11.0 19.0 187.0 383.0
24 18.121 0.482 13.0 19.0 259.0 515.0
25 28.198 -29.755 7.0 13.0 222.0 422.0
26 40.918 -36.09 6.0 10.0 189.0 521.0
27 -29.712 -46.326 6.0 13.0 296.0 479.0
28 -33.71 8.38 11.0 9.0 218.0 419.0
29 72.125 65.405 21.0 17.0 146.0 360.0
30 -26.379 13.776 4.0 7.0 284.0 610.0
31 23.746 -0.522 0.0 0.0 0.0 1000.0
32 -40.488 -35.864 0.0 0.0 0.0 1000.0
33 -40.198 -12.781 0.0 0.0 0.0 1000.0
34 18.329 -35.468 0.0 0.0 0.0 1000.0
