30 4 170 2
1 -31.604 -60.938 6.0 21.0 298.0 617.0
2 35.834 13.147 2.0 2.0 206.0 425.0
3 13.409 -22.302 10.0 23.0 278.0 611.0
4 6.439 -3.516 15.0 21.0 239.0 457.0
5 -66.772 -34.943 6.0 7.0 79.0 337.0
6 -28.662 -50.94 16.0 12.0 291.0 583.0
7 37.512 0.458 4.0 15.0 102.0 399.0
8 33.203 -52.289 11.0 5.0 276.0 630.0
9 -3.76 59.875 4.0 4.0 115.0 424.0
10 46.21 -53.522 22.0 19.0 119.0 466.0
11 -5.048 7.306 24.0 7.0 277.0 498.0
12 -41.119 -13.361 10.0 13.0 98.0 406.0
13 27.814 6.512 1.0 13.0 193.0 393.0
14 -46.997 -55.56 5.0 14.0 111.0 317.0
15 22.894 -44.348 20.0 13.0 196.0 555.0
16 6.512 -46.124 9.0 13.0 199.0 439.0
17 34.473 25.391 19.0 2.0 270.0 508.0
18 -24.048 -47.192 1.0 21.0 182.0 402.0
19 -43.011 -38.702 6.0 13.0 179.0 381.0
20 16.089 -27.887 19.0 3.0 222.0 482.0
21 -47.827 -45.203 21.0 1.0 268.0 480.0
22 11.737 -83.173 7.0 7.0 271.0 477.0
23 52.655 29.034 13.0 5.0 69.0 374.0
24 25.189 -21.045 10.0 1.0 159.0 488.0
25 -3.687 7.373 14.0 2.0 205.0 454.0
26 -59.277 39.667 20.0 15.0 242.0 531.0
27 16.821 -12.72 16.0 8.0 139.0 406.0
28 -58.35 15.814 23.0 15.0 240.0 534.0
29 35.858 5.597 22.0 17.0 263.0 457.0
30 -43.372 -7.379 3.0 7.0 194.0 447.0
31 -40.488 -35.864 0.0 0.0 0.0 1000.0
32 -46.396 -39.923 0.0 0.0 0.0 1000.0
33 -1.193 2.515 0.0 0.0 0.0 1000.0
34 18.329 -35.468 0.0 0.0 0.0 1000.0
