30 6 170 1
1 -5.048 7.306 24.0 7.0 277.0 498.0
2 25.189 -21.045 10.0 1.0 159.0 488.0
3 -30.823 17.902 18.0 13.0 246.0 463.0
4 67.316 -39.734 14.0 18.0 223.0 403.0
5 -4.706 14.056 19.0 18.0 75.0 317.0
6 -31.268 -34.613 4.0 18.0 113.0 467.0
7 -10.114 69.977 20.0 22.0 288.0 515.0
8 5.53 -4.901 7.0 7.0 98.0 345.0
9 19.135 41.15 1.0 2.0 214.0 481.0
10 23.151 4.205 7.0 9.0 250.0 564.0
11 8.508 -2.539 20.0 12.0 185.0 469.0
12 -15.149 -25.482 11.0 19.0 187.0 383.0
13 -16.821 17.664 23.0 10.0 95.0 402.0
14 25.726 -25.836 7.0 4.0 174.0 392.0
15 -39.874 -53.375 22.0 2.0 194.0 414.0
16 -13.129 -53.601 11.0 18.0 118.0 472.0
17 40.918 -36.09 6.0 10.0 189.0 521.0
18 -23.639 -47.681 2.0 21.0 140.0 485.0
19 -55.048 -32.538 7.0 11.0 190.0 465.0
20 -20.343 -11.182 11.0 11.0 172.0 514.0
21 6.866 -1.416 3.0 23.0 160.0 372.0
22 40.576 -54.492 22.0 14.0 114.0 334.0
23 -4.803 21.674 15.0 1.0 89.0 371.0
24 -17.01 -21.857 21.0 23.0 161.0 401.0
25 -51.483 -23.248 17.0 21.0 269.0 505.0
26 -86.102 -59.808 13.0 20.0 108.0 425.0
27 -48.621 -12.39 12.0 25.0 91.0 377.0
28 82.202 85.828 25.0 25.0 115.0 364.0
29 36.176 -10.431 17.0 21.0 225.0 480.0
30 18.213 1.373 7.0 21.0 213.0 516.0
31 -40.488 -35.864 0.0 0.0 0.0 1000.0
32 -40.198 -12.781 0.0 0.0 0.0 1000.0
33 -46.396 -39.923 0.0 0.0 0.0 1000.0
34 -1.193 2.515 0.0 0.0 0.0 1000.0
35 18.329 -35.468 0.0 0.0 0.0 1000.0
36 23.746 -0.522 0.0 0.0 0.0 1000.0
