30 6 170 4
1 -8.386 -2.264 11.0 12.0 228.0 517.0
2 -61.444 -10.901 14.0 4.0 130.0 415.0
3 -39.874 -53.375 22.0 2.0 194.0 414.0
4 29.315 54.468 4.0 22.0 208.0 393.0
5 33.936 -48.718 4.0 1.0 205.0 412.0
6 4.468 -36.133 5.0 5.0 263.0 541.0
7 -24.048 -47.192 1.0 21.0 182.0 402.0
8 -56.714 -39.252 19.0 2.0 240.0 578.0
9 66.852 1.135 13.0 14.0 107.0 289.0
10 56.262 1.819 24.0 7.0 183.0 538.0
11 -49.261 -41.718 8.0 21.0 84.0 323.0
12 11.865 5.261 2.0 1.0 98.0 314.0
13 -3.687 7.373 14.0 2.0 205.0 454.0
14 60.297 52.637 18.0 12.0 266.0 528.0
15 31.512 -8.978 14.0 14.0 255.0 472.0
16 71.509 11.652 19.0 23.0 239.0 522.0
17 -31.128 -93.848 21.0 24.0 174.0 443.0
18 -78.015 1.27 19.0 11.0 253.0 567.0
19 23.01 -45.703 19.0 13.0 158.0 383.0
20 -16.821 17.664 23.0 10.0 95.0 402.0
21 22.98 -18.109 7.0 17.0 148.0 463.0
22 -98.242 61.658 22.0 5.0 120.0 392.0
23 29.938 -58.71 21.0 25.0 286.0 574.0
24 -67.139 -67.078 13.0 22.0 191.0 426.0
25 18.121 0.482 13.0 19.0 259.0 515.0
26 -14.032 -19.818 18.0 22.0 69.0 346.0
27 -30.988 7.654 7.0 11.0 296.0 480.0
28 -34.54 -39.502 6.0 13.0 208.0 533.0
29 25.549 -3.796 3.0 1.0 202.0 439.0
30 31.293 -39.905 20.0 4.0 265.0 521.0
31 -40.488 -35.864 0.0 0.0 0.0 1000.0
32 -40.198 -12.781 0.0 0.0 0.0 1000.0
33 -1.193 2.515 0.0 0.0 0.0 1000.0
34 18.329 -35.468 0.0 0.0 0.0 1000.0
35 23.746 -0.522 0.0 0.0 0.0 1000.0
36 -46.396 -39.923 0.0 0.0 0.0 1000.0
