30 6 170 5
1 46.21 -53.522 22.0 19.0 119.0 466.0
2 -17.01 -21.857 21.0 23.0 161.0 401.0
3 34.473 25.391 19.0 2.0 270.0 508.0
4 16.089 -27.887 19.0 3.0 222.0 482.0
5 25.189 -21.045 10.0 1.0 159.0 488.0
6 -22.345 -78.278 21.0 15.0 87.0 401.0
7 -53.943 -29.663 1.0 9.0 209.0 432.0
8 6.512 -46.124 9.0 13.0 199.0 439.0
9 48.352 -8.783 3.0 3.0 78.0 425.0
10 -57.434 38.525 12.0 14.0 221.0 440.0
11 -38.861 42.114 1.0 14.0 106.0 403.0
12 -39.612 -33.594 4.0 18.0 94.0 319.0
13 31.293 -39.905 20.0 4.0 265.0 521.0
14 45.526 -5.127 9.0 25.0 153.0 364.0
15 -83.954 2.179 4.0 2.0 185.0 534.0
16 -23.669 -15.289 5.0 25.0 76.0 269.0
17 2.954 -8.563 24.0 17.0 142.0 442.0
18 -37.982 -6.36 19.0 6.0 143.0 436.0
19 -44.952 -77.734 11.0 4.0 95.0 420.0
20 40.918 -36.09 6.0 10.0 189.0 521.0
21 27.85 -10.028 8.0 22.0 147.0 429.0
22 25.549 -3.796 3.0 1.0 202.0 439.0
23 35.858 5.597 22.0 17.0 263.0 457.0
24 -59.277 39.667 20.0 15.0 242.0 531.0
25 -43.011 -38.702 6.0 13.0 179.0 381.0
26 -16.821 17.664 23.0 10.0 95.0 402.0
27 -55.756 -33.49 7.0 15.0 214.0 554.0
28 20.856 -26.465 7.0 17.0 204.0 560.0
29 -3.687 7.373 14.0 2.0 205.0 454.0
30 -24.048 -47.192 1.0 21.0 182.0 402.0
31 -40.488 -35.864 0.0 0.0 0.0 1000.0
32 -40.198 -12.781 0.0 0.0 0.0 1000.0
33 23.746 -0.522 0.0 0.0 0.0 1000.0
34 -1.193 2.515 0.0 0.0 0.0 1000.0
35 18.329 -35.468 0.0 0.0 0.0 1000.0
36 -46.396 -39.923 0.0 0.0 0.0 1000.0
