30 6 170 2
1 -1.227 -28.668 7.0 17.0 252.0 553.0
2 -40.985 -16.895 2.0 14.0 144.0 464.0
3 40.918 -36.09 6.0 10.0 189.0 521.0
4 -28.143 -41.614 25.0 3.0 215.0 508.0
5 3.436 -52.734 19.0 5.0 156.0 483.0
6 -18.939 57.69 24.0 12.0 187.0 411.0
7 -7.953 4.639 24.0 13.0 96.0 394.0
8 28.43 10.571 13.0 21.0 78.0 401.0
9 -70.569 -7.037 7.0 15.0 201.0 531.0
10 25.189 -21.045 10.0 1.0 159.0 488.0
11 -71.936 -20.16 11.0 15.0 101.0 435.0
12 -33.71 8.38 11.0 9.0 218.0 419.0
13 52.966 51.41 24.0 5.0 240.0 493.0
14 -6.885 24.884 12.0 4.0 223.0 406.0
15 23.01 -45.703 19.0 13.0 158.0 383.0
16 -23.669 -15.289 5.0 25.0 76.0 269.0
17 -44.952 -77.734 11.0 4.0 95.0 420.0
18 41.229 -24.5 1.0 2.0 229.0 572.0
19 -64.178 63.812 22.0 11.0 114.0 337.0
20 -33.551 -25.586 3.0 14.0 196.0 415.0
21 -43.89 13.007 24.0 10.0 79.0 362.0
22 -55.756 -33.49 7.0 15.0 214.0 554.0
23 40.576 -54.492 22.0 14.0 114.0 334.0
24 19.025 -10.889 24.0 19.0 72.0 388.0
25 69.073 -97.125 5.0 2.0 122.0 459.0
26 31.512 -8.978 14.0 14.0 255.0 472.0
27 41.632 43.048 13.0 17.0 208.0 472.0
28 -6.525 11.975 18.0 2.0 293.0 521.0
29 -80.408 -60.583 3.0 14.0 105.0 294.0
30 2.301 5.536 23.0 2.0 268.0 488.0
31 -40.198 -12.781 0.0 0.0 0.0 1000.0
32 -1.193 2.515 0.0 0.0 0.0 1000.0
33 23.746 -0.522 0.0 0.0 0.0 1000.0
34 18.329 -35.468 0.0 0.0 0.0 1000.0
35 -40.488 -35.864 0.0 0.0 0.0 1000.0
36 -46.396 -39.923 0.0 0.0 0.0 1000.0
