30 6 170 3
1 51.569 -45.673 16.0 18.0 170.0 457.0
2 -31.128 -93.848 21.0 24.0 174.0 443.0
3 -14.52 48.962 17.0 24.0 266.0 529.0
4 2.954 -8.563 24.0 17.0 142.0 442.0
5 -37.982 -6.36 19.0 6.0 143.0 436.0
6 -96.155 34.1 18.0 5.0 199.0 516.0
7 3.046 -6.305 1.0 3.0 254.0 463.0
8 -96.924 8.411 25.0 25.0 137.0 489.0
9 -22.803 5.658 15.0 16.0 212.0 476.0
10 -54.706 -17.596 18.0 2.0 60.0 381.0
11 16.089 -27.887 19.0 3.0 222.0 482.0
12 41.632 43.048 13.0 17.0 208.0 472.0
13 47.339 17.365 14.0 2.0 114.0 325.0
14 -33.374 -62.024 6.0 1.0 266.0 612.0
15 16.425 33.221 18.0 12.0 162.0 342.0
16 37.854 -5.524 15.0 1.0 224.0 508.0
17 -38.861 42.114 1.0 14.0 106.0 403.0
18 41.229 -24.5 1.0 2.0 229.0 572.0
19 -14.032 -19.818 18.0 22.0 69.0 346.0
20 -32.806 -3.845 9.0 8.0 104.0 432.0
21 57.947 -48.779 10.0 8.0 229.0 449.0
22 27.435 17.554 11.0 25.0 184.0 458.0
23 67.316 -39.734 14.0 18.0 223.0 403.0
24 -78.015 1.27 19.0 11.0 253.0 567.0
25 14.587 48.444 14.0 9.0 90.0 443.0
26 -56.537 -42.334 11.0 4.0 239.0 568.0
27 42.151 -25.58 19.0 25.0 219.0 402.0
28 -23.56 -32.52 14.0 25.0 117.0 327.0
29 93.378 23.004 2.0 8.0 271.0 542.0
30 -64.178 63.812 22.0 11.0 114.0 337.0
31 18.329 -35.468 0.0 0.0 0.0 1000.0
32 23.746 -0.522 0.0 0.0 0.0 1000.0
33 -40.198 -12.781 0.0 0.0 0.0 1000.0
34 -40.488 -35.864 0.0 0.0 0.0 1000.0
35 -46.396 -39.923 0.0 0.0 0.0 1000.0
36 -1.193 2.515 0.0 0.0 0.0 1000.0
